0.6502165190467062
0.22069385033749317
0.22069385033749317
0.22069385033749317
0.22069385033749317
0.22069385033749317
0.22069385033749317
0.22069385033749317
0.22069385033749317
0.22069385033749317
0.22069385033749317
0.22069385033749317
0.22069385033749317
0.22069385033749317
0.22069385033749317
0.22069385033749317
0.22069385033749317
0.22069385033749317
0.22069385033749317
0.22069385033749317
0.22069385033749317
0.22069385033749317
0.22069385033749317
0.22069385033749317
0.22069385033749317
0.22069385033749317
0.22069385033749317
0.22069385033749317
0.22069385033749317
0.22069385033749317
0.22069385033749317
0.22069385033749317
0.22069385033749317
0.22069385033749317
0.22069385033749317
0.22069385033749317
0.22069385033749317
0.22069385033749317
0.22069385033749317
0.22069385033749317
0.22069385033749317
0.22069385033749317
0.22069385033749317
0.22069385033749317
0.22069385033749317
0.22069385033749317
0.22069385033749317
0.22069385033749317
0.22069385033749317
0.22069385033749317
0.22069385033749317
0.22069385033749317
0.22069385033749317
0.22069385033749317
0.22069385033749317
0.22069385033749317
0.22069385033749317
0.22069385033749317
0.22069385033749317
0.22069385033749317
0.22069385033749317
0.22069385033749317
0.22069385033749317
0.22069385033749317
0.22069385033749317
0.22069385033749317
0.22069385033749317
0.22069385033749317
0.22069385033749317
0.22069385033749317
0.22069385033749317
0.22069385033749317
0.22069385033749317
0.22069385033749317
0.22069385033749317
0.22069385033749317
0.22069385033749317
0.22069385033749317
0.22069385033749317
0.22069385033749317
0.22069385033749317
0.22069385033749317
0.22069385033749317
0.22069385033749317
0.22069385033749317
0.22069385033749317
0.22069385033749317
0.22069385033749317
0.22069385033749317
0.22069385033749317
0.22069385033749317
0.22069385033749317
0.22069385033749317
0.22069385033749317
0.22069385033749317
0.22069385033749317
0.22069385033749317
0.22069385033749317
0.22069385033749317
0.22069385033749317
0.22069385033749317
0.22069385033749317
0.22069385033749317
0.22069385033749317
0.22069385033749317
0.22069385033749317
0.22069385033749317
0.22069385033749317
0.22069385033749317
0.22069385033749317
0.22069385033749317
0.22069385033749317
0.22069385033749317
0.22069385033749317
0.22069385033749317
0.22069385033749317
0.22069385033749317
0.22069385033749317
0.22069385033749317
0.22069385033749317
0.22069385033749317
0.18754139474132692
0.18754139474132692
0.18754139474132692
0.18754139474132692
0.18754139474132692
0.18754139474132692
0.18754139474132692
0.18754139474132692
0.18754139474132692
0.18754139474132692
0.18754139474132692
0.18754139474132692
0.18754139474132692
0.18754139474132692
0.18754139474132692
0.18754139474132692
0.18754139474132692
0.18754139474132692
0.18754139474132692
0.18754139474132692
0.18754139474132692
0.18754139474132692
0.18754139474132692
0.18754139474132692
0.18754139474132692
0.18754139474132692
0.18754139474132692
0.18754139474132692
0.18754139474132692
0.18754139474132692
0.18754139474132692
0.18754139474132692
0.18754139474132692
0.18754139474132692
0.18754139474132692
0.18754139474132692
0.18754139474132692
0.15413165694443212
0.15413165694443212
0.15413165694443212
0.1775052802213041
0.1775052802213041
0.1775052802213041
0.1775052802213041
0.1775052802213041
0.1775052802213041
0.1775052802213041
0.1775052802213041
0.1775052802213041
0.1775052802213041
0.1775052802213041
0.1775052802213041
0.1775052802213041
0.1775052802213041
0.1775052802213041
0.1775052802213041
0.1775052802213041
0.1775052802213041
0.1775052802213041
0.1775052802213041
0.16978261398781186
0.16978261398781186
0.16978261398781186
0.16978261398781186
0.16978261398781186
0.16978261398781186
0.16978261398781186
0.16978261398781186
0.16978261398781186
0.16978261398781186
0.1775052802213041
0.1775052802213041
0.1775052802213041
0.1775052802213041
0.1775052802213041
0.1775052802213041
0.1775052802213041
0.1775052802213041
0.1775052802213041
0.1775052802213041
0.1775052802213041
0.1775052802213041
0.1775052802213041
0.1775052802213041
0.1775052802213041
0.1775052802213041
0.1775052802213041
0.1775052802213041
0.1775052802213041
0.1775052802213041
0.1775052802213041
0.1775052802213041
0.1775052802213041
0.1775052802213041
0.1775052802213041
0.1775052802213041
0.1775052802213041
0.1775052802213041
0.1775052802213041
0.1775052802213041
0.1775052802213041
0.1775052802213041
0.1775052802213041
0.1775052802213041
0.1775052802213041
0.1775052802213041
0.1775052802213041
0.1775052802213041
0.1775052802213041
0.1775052802213041
0.1775052802213041
0.1775052802213041
0.1775052802213041
0.1775052802213041
0.1775052802213041
0.1775052802213041
0.1775052802213041
0.1775052802213041
0.1775052802213041
0.1775052802213041
0.15413165694443212
0.15413165694443212
0.15413165694443212
0.15413165694443212
0.15413165694443212
0.15413165694443212
0.15413165694443212
0.15413165694443212
0.15413165694443212
0.15413165694443212
0.16978261398781186
0.16978261398781186
0.16978261398781186
0.16978261398781186
0.16978261398781186
0.16978261398781186
0.16978261398781186
0.16978261398781186
0.16978261398781186
0.16978261398781186
0.1775052802213041
0.1775052802213041
0.1775052802213041
0.1775052802213041
0.1775052802213041
0.1775052802213041
0.1775052802213041
0.1775052802213041
0.1775052802213041
0.1775052802213041
0.1775052802213041
0.1775052802213041
0.1775052802213041
0.1775052802213041
0.1775052802213041
0.1775052802213041
0.1775052802213041
0.1775052802213041
0.1775052802213041
0.1775052802213041
0.1775052802213041
0.1775052802213041
0.1775052802213041
0.1775052802213041
0.1775052802213041
0.1775052802213041
0.1775052802213041
0.1775052802213041
0.1775052802213041
0.1775052802213041
0.1775052802213041
0.1775052802213041
0.1775052802213041
0.1775052802213041
0.1775052802213041
0.1775052802213041
0.1775052802213041
0.1775052802213041
0.1775052802213041
0.1775052802213041
0.1775052802213041
0.1775052802213041
0.1775052802213041
0.1775052802213041
0.1775052802213041
0.1775052802213041
0.1775052802213041
0.1775052802213041
0.1775052802213041
0.1775052802213041
0.16978261398781186
0.16978261398781186
0.16978261398781186
0.16978261398781186
0.16978261398781186
0.16978261398781186
0.16978261398781186
0.16978261398781186
0.16978261398781186
0.16978261398781186
0.16978261398781186
0.16978261398781186
0.16978261398781186
0.16978261398781186
0.16978261398781186
0.16978261398781186
0.16978261398781186
0.16978261398781186
0.16978261398781186
0.16978261398781186
0.16978261398781186
0.16978261398781186
0.16978261398781186
0.16978261398781186
0.16978261398781186
0.16978261398781186
0.16978261398781186
0.16978261398781186
0.16978261398781186
0.16978261398781186
0.1775052802213041
0.1775052802213041
0.1775052802213041
0.1775052802213041
0.1775052802213041
0.1775052802213041
0.1775052802213041
0.1775052802213041
0.1775052802213041
0.1775052802213041
0.16978261398781186
0.16978261398781186
0.16978261398781186
0.16978261398781186
0.16978261398781186
0.16978261398781186
0.16978261398781186
0.16978261398781186
0.16978261398781186
0.16978261398781186
0.16978261398781186
0.16978261398781186
0.16978261398781186
0.16978261398781186
0.16978261398781186
0.16978261398781186
0.16978261398781186
0.16978261398781186
0.16978261398781186
0.16978261398781186
0.16978261398781186
0.16978261398781186
0.16978261398781186
0.16978261398781186
0.16978261398781186
0.16978261398781186
0.16978261398781186
0.16978261398781186
0.16978261398781186
0.16978261398781186
0.16978261398781186
0.16978261398781186
0.16978261398781186
0.16978261398781186
0.16978261398781186
0.16978261398781186
0.16978261398781186
0.16978261398781186
0.16978261398781186
0.16978261398781186
0.16978261398781186
0.16978261398781186
0.16978261398781186
0.16978261398781186
0.16978261398781186
0.16978261398781186
0.16978261398781186
0.16978261398781186
0.16978261398781186
0.16978261398781186
0.16978261398781186
0.16978261398781186
0.16978261398781186
0.16978261398781186
0.16978261398781186
0.16978261398781186
0.16978261398781186
0.16978261398781186
0.16978261398781186
0.16978261398781186
0.16978261398781186
0.16978261398781186
0.16978261398781186
0.16978261398781186
0.16978261398781186
0.16978261398781186
0.16978261398781186
0.16978261398781186
0.16978261398781186
0.16978261398781186
0.16978261398781186
0.16978261398781186
0.16978261398781186
0.16978261398781186
0.16978261398781186
0.16978261398781186
0.16978261398781186
0.16978261398781186
0.16978261398781186
0.16978261398781186
0.16978261398781186
0.16978261398781186
0.16978261398781186
0.16978261398781186
0.16978261398781186
0.16978261398781186
0.16978261398781186
0.16978261398781186
0.16978261398781186
0.16978261398781186
0.16978261398781186
0.16978261398781186
0.16978261398781186
0.16978261398781186
0.16978261398781186
0.16978261398781186
0.16978261398781186
0.16978261398781186
0.16978261398781186
0.16978261398781186
0.16978261398781186
0.16978261398781186
0.16978261398781186
0.16978261398781186
0.16978261398781186
0.16978261398781186
0.16978261398781186
0.16978261398781186
0.16978261398781186
0.16978261398781186
0.16978261398781186
0.16978261398781186
0.16978261398781186
0.16978261398781186
0.16978261398781186
0.16978261398781186
0.16978261398781186
0.16978261398781186
0.16978261398781186
0.16978261398781186
0.16978261398781186
0.16978261398781186
0.16978261398781186
0.16978261398781186
0.16978261398781186
0.16978261398781186
0.16978261398781186
0.16978261398781186
0.16978261398781186
0.16978261398781186
0.16978261398781186
0.16978261398781186
0.16978261398781186
0.16978261398781186
0.16978261398781186
0.16978261398781186
0.16978261398781186
0.16978261398781186
0.16978261398781186
0.16978261398781186
0.16978261398781186
0.16978261398781186
0.16978261398781186
0.16978261398781186
0.16978261398781186
0.16978261398781186
0.16978261398781186
0.16978261398781186
0.16978261398781186
0.16978261398781186
0.16978261398781186
0.16978261398781186
0.16978261398781186
0.16978261398781186
0.16978261398781186
0.16978261398781186
0.16978261398781186
0.16978261398781186
0.16978261398781186
0.16978261398781186
0.15059839844978004
0.15059839844978004
0.15059839844978004
0.15059839844978004
0.15059839844978004
0.15059839844978004
0.15059839844978004
0.15059839844978004
0.15059839844978004
0.15059839844978004
0.15059839844978004
0.15059839844978004
0.15059839844978004
0.15059839844978004
0.15059839844978004
0.15059839844978004
0.15059839844978004
0.15059839844978004
0.15059839844978004
0.15059839844978004
0.15059839844978004
0.15059839844978004
0.15059839844978004
0.15059839844978004
0.15059839844978004
0.15059839844978004
0.15059839844978004
0.15059839844978004
0.15059839844978004
0.15059839844978004
0.15059839844978004
0.15059839844978004
0.15059839844978004
0.15059839844978004
0.15059839844978004
0.15059839844978004
0.15059839844978004
0.15059839844978004
0.15059839844978004
0.15059839844978004
0.15059839844978004
0.15059839844978004
0.15059839844978004
0.15059839844978004
0.15059839844978004
0.15059839844978004
0.15059839844978004
0.15059839844978004
0.15059839844978004
0.15059839844978004
0.15059839844978004
0.15059839844978004
0.15059839844978004
0.15059839844978004
0.15059839844978004
0.15059839844978004
0.15059839844978004
0.15059839844978004
0.15059839844978004
0.15059839844978004
0.15059839844978004
0.15059839844978004
0.15059839844978004
0.15059839844978004
0.15059839844978004
0.15059839844978004
0.15059839844978004
0.15059839844978004
0.15059839844978004
0.15059839844978004
0.15059839844978004
0.15059839844978004
0.15059839844978004
0.15059839844978004
0.15059839844978004
0.15059839844978004
0.15059839844978004
0.15059839844978004
0.15059839844978004
0.15059839844978004
0.15059839844978004
0.15059839844978004
0.15059839844978004
0.15059839844978004
0.15059839844978004
0.15059839844978004
0.15059839844978004
0.15059839844978004
0.15059839844978004
0.15059839844978004
0.15059839844978004
0.15059839844978004
0.15059839844978004
0.15059839844978004
0.15059839844978004
0.15059839844978004
0.15059839844978004
0.15059839844978004
0.15059839844978004
0.15059839844978004
0.15059839844978004
0.15059839844978004
0.15059839844978004
0.15059839844978004
0.15059839844978004
0.15059839844978004
0.15059839844978004
0.15059839844978004
0.15059839844978004
0.15059839844978004
0.15059839844978004
0.15059839844978004
0.15059839844978004
0.15059839844978004
0.15059839844978004
0.15059839844978004
0.15059839844978004
0.15059839844978004
0.15059839844978004
0.15059839844978004
0.15059839844978004
0.15059839844978004
0.15059839844978004
0.15059839844978004
0.15059839844978004
0.15059839844978004
0.15059839844978004
0.15059839844978004
0.15059839844978004
0.15059839844978004
0.15059839844978004
0.15059839844978004
0.15059839844978004
0.15059839844978004
0.15059839844978004
0.15059839844978004
0.15059839844978004
0.15059839844978004
0.15059839844978004
0.15059839844978004
0.15059839844978004
0.15059839844978004
0.15059839844978004
0.15059839844978004
0.15059839844978004
0.15059839844978004
0.15059839844978004
0.15059839844978004
0.15059839844978004
0.15059839844978004
0.15059839844978004
0.15059839844978004
0.15059839844978004
0.15059839844978004
0.15059839844978004
0.15059839844978004
0.15059839844978004
0.15059839844978004
0.15059839844978004
0.15059839844978004
0.15059839844978004
0.15059839844978004
0.15059839844978004
0.15059839844978004
0.15059839844978004
0.15059839844978004
0.15059839844978004
0.15059839844978004
0.15059839844978004
0.15059839844978004
0.15059839844978004
0.15059839844978004
0.15059839844978004
0.15059839844978004
0.15059839844978004
0.15059839844978004
0.15059839844978004
0.15059839844978004
0.15059839844978004
0.15059839844978004
0.15059839844978004
0.15059839844978004
0.15059839844978004
0.15059839844978004
0.15059839844978004
0.15059839844978004
0.15059839844978004
0.15059839844978004
0.15059839844978004
0.15059839844978004
0.15059839844978004
0.15059839844978004
0.15059839844978004
0.15059839844978004
0.15059839844978004
0.15059839844978004
0.15059839844978004
0.15059839844978004
0.15059839844978004
0.15059839844978004
0.15059839844978004
0.15059839844978004
0.15059839844978004
0.15059839844978004
0.15059839844978004
0.15059839844978004
0.15059839844978004
0.15059839844978004
0.15059839844978004
0.15059839844978004
0.15059839844978004
0.15059839844978004
0.15059839844978004
0.15059839844978004
0.15059839844978004
0.15059839844978004
0.15059839844978004
0.15059839844978004
0.15059839844978004
0.15059839844978004
0.15059839844978004
0.15059839844978004
0.15059839844978004
0.15059839844978004
0.15059839844978004
0.15059839844978004
0.15059839844978004
0.15059839844978004
0.15059839844978004
0.15059839844978004
0.15059839844978004
0.15059839844978004
0.15059839844978004
0.15059839844978004
0.15059839844978004
0.15059839844978004
0.15059839844978004
0.15059839844978004
0.15059839844978004
0.15059839844978004
0.15059839844978004
0.15059839844978004
0.15059839844978004
0.15059839844978004
0.15059839844978004
0.15059839844978004
0.15059839844978004
0.15059839844978004
0.15059839844978004
0.15059839844978004
0.15059839844978004
0.15059839844978004
0.15059839844978004
0.15059839844978004
0.15059839844978004
0.15059839844978004
0.15059839844978004
0.15059839844978004
0.15059839844978004
0.15059839844978004
0.15059839844978004
0.15059839844978004
0.15059839844978004
0.15059839844978004
0.15059839844978004
0.15059839844978004
0.15059839844978004
0.15059839844978004
0.15059839844978004
0.15059839844978004
0.15059839844978004
0.15059839844978004
0.15059839844978004
0.15059839844978004
0.15059839844978004
0.15059839844978004
0.15059839844978004
0.15059839844978004
0.15059839844978004
0.15059839844978004
0.15059839844978004
0.15059839844978004
0.15059839844978004
0.15059839844978004
0.15059839844978004
0.15059839844978004
0.15059839844978004
0.15059839844978004
0.15059839844978004
0.15059839844978004
0.15059839844978004
0.15059839844978004
0.15059839844978004
0.15059839844978004
0.15059839844978004
0.15059839844978004
0.15059839844978004
0.15059839844978004
0.15059839844978004
0.15059839844978004
0.15059839844978004
0.15059839844978004
0.15059839844978004
0.15059839844978004
0.15059839844978004
0.15059839844978004
0.15059839844978004
0.15059839844978004
0.15059839844978004
0.15059839844978004
0.15059839844978004
0.15059839844978004
0.15059839844978004
0.15059839844978004
0.15059839844978004
0.15059839844978004
0.15059839844978004
0.15059839844978004
0.15059839844978004
0.15059839844978004
0.15059839844978004
0.15059839844978004
0.15059839844978004
0.15059839844978004
0.15059839844978004
0.15059839844978004
0.15059839844978004
0.15059839844978004
0.15059839844978004
0.15059839844978004
0.15059839844978004
0.15059839844978004
0.15059839844978004
0.15059839844978004
0.15059839844978004
0.15059839844978004
0.15059839844978004
0.15059839844978004
0.15059839844978004
0.15059839844978004
0.15059839844978004
0.15059839844978004
0.15059839844978004
0.15059839844978004
0.15059839844978004
0.15059839844978004
0.15059839844978004
0.15059839844978004
0.15059839844978004
0.15059839844978004
0.15059839844978004
0.15059839844978004
0.15059839844978004
0.15059839844978004
0.15059839844978004
0.15059839844978004
0.15059839844978004
0.15059839844978004
0.15059839844978004
0.15059839844978004
0.15059839844978004
0.15059839844978004
0.15059839844978004
0.15059839844978004
0.15059839844978004
0.15059839844978004
0.15059839844978004
0.15059839844978004
0.15059839844978004
0.15059839844978004
0.15059839844978004
0.15059839844978004
0.15059839844978004
0.15059839844978004
0.15059839844978004
0.15059839844978004
0.15059839844978004
0.15059839844978004
0.15059839844978004
0.15059839844978004
0.15059839844978004
0.15059839844978004
0.15059839844978004
0.15059839844978004
0.15059839844978004
0.15059839844978004
0.15059839844978004
0.15059839844978004
0.15059839844978004
0.15059839844978004
0.15059839844978004
0.15059839844978004
0.15059839844978004
0.15059839844978004
0.15059839844978004
0.15059839844978004
0.15059839844978004
0.15059839844978004
0.15059839844978004
0.15059839844978004
0.15059839844978004
0.15059839844978004
0.15059839844978004
0.15059839844978004
0.15059839844978004
0.15059839844978004
0.15059839844978004
0.15059839844978004
0.15059839844978004
0.15059839844978004
0.15059839844978004
0.15059839844978004
0.15059839844978004
0.15059839844978004
0.15059839844978004
0.15059839844978004
0.15059839844978004
0.15059839844978004
0.15059839844978004
0.15059839844978004
0.15059839844978004
0.15059839844978004
0.15059839844978004
0.15059839844978004
0.15059839844978004
0.15059839844978004
0.15059839844978004
0.15059839844978004
0.15059839844978004
0.15059839844978004
0.15059839844978004
0.15059839844978004
0.15059839844978004
0.15059839844978004
0.15059839844978004
0.15059839844978004
0.15059839844978004
0.15059839844978004
0.15059839844978004
0.15059839844978004
0.15059839844978004
0.15059839844978004
0.15059839844978004
0.15059839844978004
0.15059839844978004
0.15059839844978004
0.15059839844978004
0.15059839844978004
0.15059839844978004
0.15059839844978004
0.15059839844978004
0.15059839844978004
0.15059839844978004
0.15059839844978004
0.15059839844978004
0.15059839844978004
0.15059839844978004
0.15059839844978004
0.15059839844978004
0.15059839844978004
0.15059839844978004
0.15059839844978004
0.15059839844978004
0.15059839844978004
0.15059839844978004
0.15059839844978004
0.15059839844978004
0.15059839844978004
0.15059839844978004
0.15059839844978004
0.15059839844978004
0.15059839844978004
0.15059839844978004
0.15059839844978004
0.15059839844978004
0.15059839844978004
0.15059839844978004
0.15059839844978004
0.15059839844978004
0.15059839844978004
0.15059839844978004
0.15059839844978004
0.15059839844978004
0.15059839844978004
0.15059839844978004
0.15059839844978004
0.15059839844978004
0.15059839844978004
0.15059839844978004
0.15059839844978004
0.15059839844978004
0.15059839844978004
0.15059839844978004
0.15059839844978004
0.15059839844978004
0.15059839844978004
0.15059839844978004
0.15059839844978004
0.15059839844978004
0.15059839844978004
0.15059839844978004
0.15059839844978004
0.15059839844978004
0.15059839844978004
0.15059839844978004
0.15059839844978004
0.15059839844978004
0.15059839844978004
0.15059839844978004
0.15059839844978004
0.15059839844978004
0.15059839844978004
0.15059839844978004
0.15059839844978004
0.15059839844978004
0.15059839844978004
0.15059839844978004
0.15059839844978004
0.15059839844978004
0.15059839844978004
0.15059839844978004
0.15059839844978004
0.15059839844978004
0.15059839844978004
0.15059839844978004
0.15059839844978004
0.15059839844978004
0.15059839844978004
0.15059839844978004
0.15059839844978004
0.15059839844978004
0.15059839844978004
0.15059839844978004
0.15059839844978004
0.15059839844978004
0.15059839844978004
0.15059839844978004
0.15059839844978004
0.15059839844978004
0.15059839844978004
0.15059839844978004
0.15059839844978004
0.15059839844978004
0.15059839844978004
0.15059839844978004
0.15059839844978004
0.15059839844978004
0.15059839844978004
0.15059839844978004
0.15059839844978004
0.15059839844978004
0.15059839844978004
0.15059839844978004
0.15059839844978004
0.15059839844978004
0.15059839844978004
0.15059839844978004
0.15059839844978004
0.15059839844978004
0.15059839844978004
0.15059839844978004
0.15059839844978004
0.15059839844978004
0.15059839844978004
0.15059839844978004
0.15059839844978004
0.15059839844978004
0.15059839844978004
0.15059839844978004
0.15059839844978004
0.15059839844978004
0.15059839844978004
0.15059839844978004
0.15059839844978004
0.15059839844978004
0.15059839844978004
0.15059839844978004
0.15059839844978004
0.15059839844978004
0.15059839844978004
0.15059839844978004
0.15059839844978004
0.15059839844978004
0.15059839844978004
0.15059839844978004
0.15059839844978004
0.15059839844978004
0.15059839844978004
0.15059839844978004
0.15059839844978004
0.15059839844978004
0.15059839844978004
0.15059839844978004
0.15059839844978004
0.15059839844978004
0.15059839844978004
0.15059839844978004
0.15059839844978004
0.15059839844978004
0.15059839844978004
0.15059839844978004
0.15059839844978004
0.15059839844978004
0.15059839844978004
0.15059839844978004
0.15059839844978004
0.15059839844978004
0.15059839844978004
0.15059839844978004
0.15059839844978004
0.15059839844978004
0.15059839844978004
0.15059839844978004
0.15059839844978004
0.15059839844978004
0.15059839844978004
0.15059839844978004
0.15059839844978004
0.15059839844978004
0.15059839844978004
0.15059839844978004
0.15059839844978004
0.15059839844978004
0.15059839844978004
0.15059839844978004
0.15059839844978004
0.15059839844978004
0.15059839844978004
0.15059839844978004
0.15059839844978004
0.15059839844978004
0.15059839844978004
0.15059839844978004
0.15059839844978004
0.15059839844978004
0.15059839844978004
0.15059839844978004
0.15059839844978004
0.15059839844978004
0.15059839844978004
0.15059839844978004
0.15059839844978004
0.15059839844978004
0.15059839844978004
0.15059839844978004
0.15059839844978004
0.15059839844978004
0.15059839844978004
0.15059839844978004
0.15059839844978004
0.1457591410153404
0.1457591410153404
0.1457591410153404
0.1457591410153404
0.1457591410153404
0.1457591410153404
0.1457591410153404
0.1457591410153404
0.1457591410153404
0.1457591410153404
0.1457591410153404
0.1457591410153404
0.1457591410153404
0.1457591410153404
0.1457591410153404
0.1457591410153404
0.1457591410153404
0.1457591410153404
0.1457591410153404
0.1457591410153404
0.1457591410153404
0.1457591410153404
0.1457591410153404
0.1457591410153404
0.1457591410153404
0.1457591410153404
0.1457591410153404
0.1457591410153404
0.1457591410153404
0.1457591410153404
0.15059839844978004
0.15059839844978004
0.15059839844978004
0.15059839844978004
0.15059839844978004
0.15059839844978004
0.15059839844978004
0.15059839844978004
0.15059839844978004
0.15059839844978004
0.15059839844978004
0.15059839844978004
0.15059839844978004
0.15059839844978004
0.15059839844978004
0.15059839844978004
0.15059839844978004
0.15059839844978004
0.15059839844978004
0.15059839844978004
0.15059839844978004
0.15059839844978004
0.15059839844978004
0.15059839844978004
0.15059839844978004
0.15059839844978004
0.15059839844978004
0.15059839844978004
0.15059839844978004
0.15059839844978004
0.15059839844978004
0.15059839844978004
0.15059839844978004
0.15059839844978004
0.15059839844978004
0.15059839844978004
0.15059839844978004
0.15059839844978004
0.15059839844978004
0.15059839844978004
0.15059839844978004
0.15059839844978004
0.15059839844978004
0.15059839844978004
0.15059839844978004
0.15059839844978004
0.15059839844978004
0.15059839844978004
0.15059839844978004
0.15059839844978004
0.15059839844978004
0.15059839844978004
0.15059839844978004
0.15059839844978004
0.15059839844978004
0.15059839844978004
0.15059839844978004
0.15059839844978004
0.15059839844978004
0.15059839844978004
0.15059839844978004
0.15059839844978004
0.15059839844978004
0.15059839844978004
0.15059839844978004
0.15059839844978004
0.15059839844978004
0.15059839844978004
0.15059839844978004
0.15059839844978004
0.15059839844978004
0.15059839844978004
0.15059839844978004
0.15059839844978004
0.15059839844978004
0.15059839844978004
0.15059839844978004
0.15059839844978004
0.15059839844978004
0.15059839844978004
0.15059839844978004
0.15059839844978004
0.15059839844978004
0.15059839844978004
0.15059839844978004
0.15059839844978004
0.15059839844978004
0.15059839844978004
0.15059839844978004
0.15059839844978004
0.15059839844978004
0.15059839844978004
0.15059839844978004
0.15059839844978004
0.15059839844978004
0.15059839844978004
0.15059839844978004
0.15059839844978004
0.15059839844978004
0.15059839844978004
0.15059839844978004
0.15059839844978004
0.15059839844978004
0.15059839844978004
0.15059839844978004
0.15059839844978004
0.15059839844978004
0.15059839844978004
0.15059839844978004
0.15059839844978004
0.15059839844978004
0.15059839844978004
0.15059839844978004
0.15059839844978004
0.15059839844978004
0.15059839844978004
0.15059839844978004
0.15059839844978004
0.15059839844978004
0.15059839844978004
0.15059839844978004
0.15059839844978004
0.15059839844978004
0.15059839844978004
0.15059839844978004
0.15059839844978004
0.15059839844978004
0.15059839844978004
0.15059839844978004
0.15059839844978004
0.15059839844978004
0.15059839844978004
0.15059839844978004
0.15059839844978004
0.15059839844978004
0.15059839844978004
0.15059839844978004
0.15059839844978004
0.15059839844978004
0.15059839844978004
0.15059839844978004
0.15059839844978004
0.15059839844978004
0.15059839844978004
0.15059839844978004
0.15059839844978004
0.15059839844978004
0.15059839844978004
0.15059839844978004
0.15059839844978004
0.1457591410153404
0.1457591410153404
0.1457591410153404
0.1457591410153404
0.1457591410153404
0.1457591410153404
0.1457591410153404
0.1457591410153404
0.1457591410153404
0.1457591410153404
0.15059839844978004
0.15059839844978004
0.15059839844978004
0.15059839844978004
0.15059839844978004
0.15059839844978004
0.15059839844978004
0.15059839844978004
0.15059839844978004
0.15059839844978004
0.15059839844978004
0.15059839844978004
0.15059839844978004
0.15059839844978004
0.15059839844978004
0.15059839844978004
0.15059839844978004
0.15059839844978004
0.15059839844978004
0.15059839844978004
0.15059839844978004
0.15059839844978004
0.15059839844978004
0.15059839844978004
0.15059839844978004
0.15059839844978004
0.15059839844978004
0.15059839844978004
0.15059839844978004
0.15059839844978004
0.15059839844978004
0.15059839844978004
0.15059839844978004
0.15059839844978004
0.15059839844978004
0.15059839844978004
0.15059839844978004
0.15059839844978004
0.15059839844978004
0.15059839844978004
0.1457591410153404
0.1457591410153404
0.1457591410153404
0.1457591410153404
0.1457591410153404
0.1457591410153404
0.1457591410153404
0.1457591410153404
0.1457591410153404
0.1457591410153404
0.15059839844978004
0.15059839844978004
0.15059839844978004
0.15059839844978004
0.15059839844978004
0.15059839844978004
0.15059839844978004
0.15059839844978004
0.15059839844978004
0.15059839844978004
0.15059839844978004
0.15059839844978004
0.15059839844978004
0.15059839844978004
0.15059839844978004
0.15059839844978004
0.15059839844978004
0.15059839844978004
0.15059839844978004
0.15059839844978004
0.1457591410153404
0.1457591410153404
0.1457591410153404
0.1457591410153404
0.1457591410153404
0.1457591410153404
0.1457591410153404
0.1457591410153404
0.1457591410153404
0.1457591410153404
0.1457591410153404
0.1457591410153404
0.1457591410153404
0.1457591410153404
0.1457591410153404
0.1457591410153404
0.1457591410153404
0.1457591410153404
0.1457591410153404
0.1457591410153404
0.1457591410153404
0.1457591410153404
0.1457591410153404
0.1457591410153404
0.1457591410153404
0.1457591410153404
0.1457591410153404
0.1457591410153404
0.1457591410153404
0.1457591410153404
0.1457591410153404
0.1457591410153404
0.1457591410153404
0.1457591410153404
0.1457591410153404
0.1457591410153404
0.1457591410153404
0.1457591410153404
0.1457591410153404
0.1457591410153404
0.1457591410153404
0.1457591410153404
0.1457591410153404
0.1457591410153404
0.1457591410153404
0.1457591410153404
0.1457591410153404
0.1457591410153404
0.1457591410153404
0.1457591410153404
0.1457591410153404
0.1457591410153404
0.1457591410153404
0.1457591410153404
0.1457591410153404
0.1457591410153404
0.1457591410153404
0.1457591410153404
0.1457591410153404
0.1457591410153404
0.15059839844978004
0.15059839844978004
0.15059839844978004
0.15059839844978004
0.15059839844978004
0.15059839844978004
0.15059839844978004
0.15059839844978004
0.15059839844978004
0.15059839844978004
0.15059839844978004
0.15059839844978004
0.15059839844978004
0.15059839844978004
0.15059839844978004
0.15059839844978004
0.15059839844978004
0.15059839844978004
0.15059839844978004
0.15059839844978004
0.15059839844978004
0.15059839844978004
0.15059839844978004
0.15059839844978004
0.15059839844978004
0.15059839844978004
0.15059839844978004
0.15059839844978004
0.15059839844978004
0.15059839844978004
0.15059839844978004
0.15059839844978004
0.15059839844978004
0.15059839844978004
0.15059839844978004
0.15059839844978004
0.15059839844978004
0.15059839844978004
0.15059839844978004
0.15059839844978004
0.15059839844978004
0.15059839844978004
0.15059839844978004
0.15059839844978004
0.15059839844978004
0.15059839844978004
0.15059839844978004
0.15059839844978004
0.15059839844978004
0.15059839844978004
0.1457591410153404
0.1457591410153404
0.1457591410153404
0.1457591410153404
0.1457591410153404
0.1457591410153404
0.1457591410153404
0.1457591410153404
0.1457591410153404
0.1457591410153404
0.15059839844978004
0.15059839844978004
0.15059839844978004
0.15059839844978004
0.15059839844978004
0.15059839844978004
0.15059839844978004
0.15059839844978004
0.15059839844978004
0.15059839844978004
0.15059839844978004
0.15059839844978004
0.15059839844978004
0.15059839844978004
0.15059839844978004
0.15059839844978004
0.15059839844978004
0.15059839844978004
0.15059839844978004
0.15059839844978004
0.15059839844978004
0.15059839844978004
0.15059839844978004
0.15059839844978004
0.15059839844978004
0.15059839844978004
0.15059839844978004
0.15059839844978004
0.15059839844978004
0.15059839844978004
0.1457591410153404
0.1457591410153404
0.1457591410153404
0.1457591410153404
0.1457591410153404
0.1457591410153404
0.1457591410153404
0.1457591410153404
0.1457591410153404
0.1457591410153404
0.15059839844978004
0.15059839844978004
0.15059839844978004
0.15059839844978004
0.15059839844978004
0.15059839844978004
0.15059839844978004
0.15059839844978004
0.15059839844978004
0.15059839844978004
0.15059839844978004
0.15059839844978004
0.15059839844978004
0.15059839844978004
0.15059839844978004
0.15059839844978004
0.15059839844978004
0.15059839844978004
0.15059839844978004
0.15059839844978004
0.15059839844978004
0.15059839844978004
0.15059839844978004
0.15059839844978004
0.15059839844978004
0.15059839844978004
0.15059839844978004
0.15059839844978004
0.15059839844978004
0.15059839844978004
0.1457591410153404
0.1457591410153404
0.1457591410153404
0.1457591410153404
0.1457591410153404
0.1457591410153404
0.1457591410153404
0.1457591410153404
0.1457591410153404
0.1457591410153404
0.1457591410153404
0.1457591410153404
0.1457591410153404
0.1457591410153404
0.1457591410153404
0.1457591410153404
0.1457591410153404
0.1457591410153404
0.1457591410153404
0.1457591410153404
0.1457591410153404
0.1457591410153404
0.1457591410153404
0.1457591410153404
0.1457591410153404
0.1457591410153404
0.1457591410153404
0.1457591410153404
0.1457591410153404
0.1457591410153404
0.1457591410153404
0.1457591410153404
0.1457591410153404
0.1457591410153404
0.1457591410153404
0.1457591410153404
0.1457591410153404
0.1457591410153404
0.1457591410153404
0.1457591410153404
0.1457591410153404
0.1457591410153404
0.1457591410153404
0.1457591410153404
0.1457591410153404
0.1457591410153404
0.1457591410153404
0.1457591410153404
0.1457591410153404
0.1457591410153404
0.1457591410153404
0.1457591410153404
0.1457591410153404
0.1457591410153404
0.1457591410153404
0.1457591410153404
0.1457591410153404
0.1457591410153404
0.1457591410153404
0.1457591410153404
0.15059839844978004
0.15059839844978004
0.15059839844978004
0.15059839844978004
0.15059839844978004
0.15059839844978004
0.15059839844978004
0.15059839844978004
0.15059839844978004
0.15059839844978004
0.15059839844978004
0.15059839844978004
0.15059839844978004
0.15059839844978004
0.15059839844978004
0.15059839844978004
0.15059839844978004
0.15059839844978004
0.15059839844978004
0.15059839844978004
0.15059839844978004
0.15059839844978004
0.15059839844978004
0.15059839844978004
0.15059839844978004
0.15059839844978004
0.15059839844978004
0.15059839844978004
0.15059839844978004
0.15059839844978004
0.15059839844978004
0.15059839844978004
0.15059839844978004
0.15059839844978004
0.15059839844978004
0.15059839844978004
0.15059839844978004
0.15059839844978004
0.15059839844978004
0.15059839844978004
0.15059839844978004
0.15059839844978004
0.15059839844978004
0.15059839844978004
0.15059839844978004
0.15059839844978004
0.15059839844978004
0.15059839844978004
0.15059839844978004
0.15059839844978004
0.1457591410153404
0.1457591410153404
0.1457591410153404
0.1457591410153404
0.1457591410153404
0.1457591410153404
0.1457591410153404
0.1457591410153404
0.1457591410153404
0.1457591410153404
0.1457591410153404
0.1457591410153404
0.1457591410153404
0.1457591410153404
0.1457591410153404
0.1457591410153404
0.1457591410153404
0.1457591410153404
0.1457591410153404
0.1457591410153404
0.1457591410153404
0.1457591410153404
0.1457591410153404
0.1457591410153404
0.1457591410153404
0.1457591410153404
0.1457591410153404
0.1457591410153404
0.1457591410153404
0.1457591410153404
0.1457591410153404
0.1457591410153404
0.1457591410153404
0.1457591410153404
0.1457591410153404
0.1457591410153404
0.1457591410153404
0.1457591410153404
0.1457591410153404
0.1457591410153404
0.1457591410153404
0.1457591410153404
0.1457591410153404
0.1457591410153404
0.1457591410153404
0.1457591410153404
0.1457591410153404
0.1457591410153404
0.1457591410153404
0.1457591410153404
0.1457591410153404
0.1457591410153404
0.1457591410153404
0.1457591410153404
0.1457591410153404
0.1457591410153404
0.1457591410153404
0.1457591410153404
0.1457591410153404
0.1457591410153404
0.1457591410153404
0.1457591410153404
0.1457591410153404
0.1457591410153404
0.1457591410153404
0.1457591410153404
0.1457591410153404
0.1457591410153404
0.1457591410153404
0.1457591410153404
0.15059839844978004
0.15059839844978004
0.15059839844978004
0.15059839844978004
0.15059839844978004
0.15059839844978004
0.15059839844978004
0.15059839844978004
0.15059839844978004
0.15059839844978004
0.1457591410153404
0.1457591410153404
0.1457591410153404
0.1457591410153404
0.1457591410153404
0.1457591410153404
0.1457591410153404
0.1457591410153404
0.1457591410153404
0.1457591410153404
0.1457591410153404
0.1457591410153404
0.1457591410153404
0.1457591410153404
0.1457591410153404
0.1457591410153404
0.1457591410153404
0.1457591410153404
0.1457591410153404
0.1457591410153404
0.1457591410153404
0.1457591410153404
0.1457591410153404
0.1457591410153404
0.1457591410153404
0.1457591410153404
0.1457591410153404
0.1457591410153404
0.1457591410153404
0.1457591410153404
0.1457591410153404
0.1457591410153404
0.1457591410153404
0.1457591410153404
0.1457591410153404
0.1457591410153404
0.1457591410153404
0.1457591410153404
0.1457591410153404
0.1457591410153404
0.1457591410153404
0.1457591410153404
0.1457591410153404
0.1457591410153404
0.1457591410153404
0.1457591410153404
0.1457591410153404
0.1457591410153404
0.1457591410153404
0.1457591410153404
0.1457591410153404
0.1457591410153404
0.1457591410153404
0.1457591410153404
0.1457591410153404
0.1457591410153404
0.1457591410153404
0.1457591410153404
0.1457591410153404
0.1457591410153404
0.1457591410153404
0.1457591410153404
0.1457591410153404
0.1457591410153404
0.1457591410153404
0.1457591410153404
0.1457591410153404
0.1457591410153404
0.1457591410153404
0.1457591410153404
0.1457591410153404
0.1457591410153404
0.1457591410153404
0.1457591410153404
0.1457591410153404
0.1457591410153404
0.1457591410153404
0.1457591410153404
0.1457591410153404
0.1457591410153404
0.15059839844978004
0.15059839844978004
0.15059839844978004
0.15059839844978004
0.15059839844978004
0.15059839844978004
0.15059839844978004
0.15059839844978004
0.15059839844978004
0.15059839844978004
0.1457591410153404
0.1457591410153404
0.1457591410153404
0.1457591410153404
0.1457591410153404
0.1457591410153404
0.1457591410153404
0.1457591410153404
0.1457591410153404
0.1457591410153404
0.1457591410153404
0.1457591410153404
0.1457591410153404
0.1457591410153404
0.1457591410153404
0.1457591410153404
0.1457591410153404
0.1457591410153404
0.1457591410153404
0.1457591410153404
0.15059839844978004
0.15059839844978004
0.15059839844978004
0.15059839844978004
0.15059839844978004
0.15059839844978004
0.15059839844978004
0.15059839844978004
0.15059839844978004
0.15059839844978004
0.15059839844978004
0.15059839844978004
0.15059839844978004
0.15059839844978004
0.15059839844978004
0.15059839844978004
0.15059839844978004
0.15059839844978004
0.15059839844978004
0.15059839844978004
0.15059839844978004
0.15059839844978004
0.15059839844978004
0.15059839844978004
0.15059839844978004
0.15059839844978004
0.15059839844978004
0.15059839844978004
0.15059839844978004
0.15059839844978004
0.15059839844978004
0.15059839844978004
0.15059839844978004
0.15059839844978004
0.15059839844978004
0.15059839844978004
0.15059839844978004
0.15059839844978004
0.15059839844978004
0.15059839844978004
0.15059839844978004
0.15059839844978004
0.15059839844978004
0.15059839844978004
0.15059839844978004
0.15059839844978004
0.15059839844978004
0.15059839844978004
0.15059839844978004
0.15059839844978004
0.1457591410153404
0.1457591410153404
0.1457591410153404
0.1457591410153404
0.1457591410153404
0.1457591410153404
0.1457591410153404
0.1457591410153404
0.1457591410153404
0.1457591410153404
0.1457591410153404
0.1457591410153404
0.1457591410153404
0.1457591410153404
0.1457591410153404
0.1457591410153404
0.1457591410153404
0.1457591410153404
0.1457591410153404
0.1457591410153404
0.15059839844978004
0.15059839844978004
0.15059839844978004
0.15059839844978004
0.15059839844978004
0.15059839844978004
0.15059839844978004
0.15059839844978004
0.15059839844978004
0.15059839844978004
0.15059839844978004
0.15059839844978004
0.15059839844978004
0.15059839844978004
0.15059839844978004
0.15059839844978004
0.15059839844978004
0.15059839844978004
0.15059839844978004
0.15059839844978004
0.1457591410153404
0.1457591410153404
0.1457591410153404
0.1457591410153404
0.1457591410153404
0.1457591410153404
0.1457591410153404
0.1457591410153404
0.1457591410153404
0.1457591410153404
0.1457591410153404
0.1457591410153404
0.1457591410153404
0.1457591410153404
0.1457591410153404
0.1457591410153404
0.1457591410153404
0.1457591410153404
0.1457591410153404
0.1457591410153404
0.1457591410153404
0.1457591410153404
0.1457591410153404
0.1457591410153404
0.1457591410153404
0.1457591410153404
0.1457591410153404
0.1457591410153404
0.1457591410153404
0.1457591410153404
0.1457591410153404
0.1457591410153404
0.1457591410153404
0.1457591410153404
0.1457591410153404
0.1457591410153404
0.1457591410153404
0.1457591410153404
0.1457591410153404
0.1457591410153404
0.1457591410153404
0.1457591410153404
0.1457591410153404
0.1457591410153404
0.1457591410153404
0.1457591410153404
0.1457591410153404
0.1457591410153404
0.1457591410153404
0.1457591410153404
0.1457591410153404
0.1457591410153404
0.1457591410153404
0.1457591410153404
0.1457591410153404
0.1457591410153404
0.1457591410153404
0.1457591410153404
0.1457591410153404
0.1457591410153404
0.1457591410153404
0.1457591410153404
0.1457591410153404
0.1457591410153404
0.1457591410153404
0.1457591410153404
0.1457591410153404
0.1457591410153404
0.1457591410153404
0.1457591410153404
0.1457591410153404
0.1457591410153404
0.1457591410153404
0.1457591410153404
0.1457591410153404
0.1457591410153404
0.1457591410153404
0.1457591410153404
0.1457591410153404
0.1457591410153404
0.15330153990520656
0.15330153990520656
0.15330153990520656
0.15330153990520656
0.15330153990520656
0.15330153990520656
0.15330153990520656
0.15330153990520656
0.15330153990520656
0.15330153990520656
0.1457591410153404
0.1457591410153404
0.1457591410153404
0.1457591410153404
0.1457591410153404
0.1457591410153404
0.1457591410153404
0.1457591410153404
0.1457591410153404
0.1457591410153404
0.1457591410153404
0.1457591410153404
0.1457591410153404
0.1457591410153404
0.1457591410153404
0.1457591410153404
0.1457591410153404
0.1457591410153404
0.1457591410153404
0.1457591410153404
0.1457591410153404
0.1457591410153404
0.1457591410153404
0.1457591410153404
0.1457591410153404
0.1457591410153404
0.1457591410153404
0.1457591410153404
0.1457591410153404
0.1457591410153404
0.15059839844978004
0.15059839844978004
0.15059839844978004
0.15059839844978004
0.15059839844978004
0.15059839844978004
0.15059839844978004
0.15059839844978004
0.15059839844978004
0.15059839844978004
0.1457591410153404
0.1457591410153404
0.1457591410153404
0.1457591410153404
0.1457591410153404
0.1457591410153404
0.1457591410153404
0.1457591410153404
0.1457591410153404
0.1457591410153404
0.1457591410153404
0.1457591410153404
0.1457591410153404
0.1457591410153404
0.1457591410153404
0.1457591410153404
0.1457591410153404
0.1457591410153404
0.1457591410153404
0.1457591410153404
0.1457591410153404
0.1457591410153404
0.1457591410153404
0.1457591410153404
0.1457591410153404
0.1457591410153404
0.1457591410153404
0.1457591410153404
0.1457591410153404
0.1457591410153404
0.1457591410153404
0.1457591410153404
0.1457591410153404
0.1457591410153404
0.1457591410153404
0.1457591410153404
0.1457591410153404
0.1457591410153404
0.1457591410153404
0.1457591410153404
0.1457591410153404
0.1457591410153404
0.1457591410153404
0.1457591410153404
0.1457591410153404
0.1457591410153404
0.1457591410153404
0.1457591410153404
0.1457591410153404
0.1457591410153404
0.1457591410153404
0.1457591410153404
0.1457591410153404
0.1457591410153404
0.1457591410153404
0.1457591410153404
0.1457591410153404
0.1457591410153404
0.1457591410153404
0.1457591410153404
0.15059839844978004
0.15059839844978004
0.15059839844978004
0.15059839844978004
0.15059839844978004
0.15059839844978004
0.15059839844978004
0.15059839844978004
0.15059839844978004
0.15059839844978004
0.15059839844978004
0.15059839844978004
0.15059839844978004
0.15059839844978004
0.15059839844978004
0.15059839844978004
0.15059839844978004
0.15059839844978004
0.15059839844978004
0.15059839844978004
0.1457591410153404
0.1457591410153404
0.1457591410153404
0.1457591410153404
0.1457591410153404
0.1457591410153404
0.1457591410153404
0.1457591410153404
0.1457591410153404
0.1457591410153404
0.1457591410153404
0.1457591410153404
0.1457591410153404
0.1457591410153404
0.1457591410153404
0.1457591410153404
0.1457591410153404
0.1457591410153404
0.1457591410153404
0.1457591410153404
0.1457591410153404
0.1457591410153404
0.1457591410153404
0.1457591410153404
0.1457591410153404
0.1457591410153404
0.1457591410153404
0.1457591410153404
0.1457591410153404
0.1457591410153404
0.15059839844978004
0.15059839844978004
0.15059839844978004
0.15059839844978004
0.15059839844978004
0.15059839844978004
0.15059839844978004
0.15059839844978004
0.15059839844978004
0.15059839844978004
0.1457591410153404
0.1457591410153404
0.1457591410153404
0.1457591410153404
0.1457591410153404
0.1457591410153404
0.1457591410153404
0.1457591410153404
0.1457591410153404
0.1457591410153404
0.1457591410153404
0.1457591410153404
0.1457591410153404
0.1457591410153404
0.1457591410153404
0.1457591410153404
0.1457591410153404
0.1457591410153404
0.1457591410153404
0.1457591410153404
0.1457591410153404
0.1457591410153404
0.1457591410153404
0.1457591410153404
0.1457591410153404
0.1457591410153404
0.1457591410153404
0.1457591410153404
0.1457591410153404
0.1457591410153404
0.15059839844978004
0.15059839844978004
0.15059839844978004
0.15059839844978004
0.15059839844978004
0.15059839844978004
0.15059839844978004
0.15059839844978004
0.15059839844978004
0.15059839844978004
0.15059839844978004
0.15059839844978004
0.15059839844978004
0.15059839844978004
0.15059839844978004
0.15059839844978004
0.15059839844978004
0.15059839844978004
0.15059839844978004
0.15059839844978004
0.15059839844978004
0.15059839844978004
0.15059839844978004
0.15059839844978004
0.15059839844978004
0.15059839844978004
0.15059839844978004
0.15059839844978004
0.15059839844978004
0.15059839844978004
0.15059839844978004
0.15059839844978004
0.15059839844978004
0.15059839844978004
0.15059839844978004
0.15059839844978004
0.15059839844978004
0.15059839844978004
0.15059839844978004
0.15059839844978004
0.15059839844978004
0.15059839844978004
0.15059839844978004
0.15059839844978004
0.15059839844978004
0.15059839844978004
0.15059839844978004
0.15059839844978004
0.15059839844978004
0.15059839844978004
0.15059839844978004
0.15059839844978004
0.15059839844978004
0.15059839844978004
0.15059839844978004
0.15059839844978004
0.15059839844978004
0.15059839844978004
0.15059839844978004
0.15059839844978004
0.15059839844978004
0.15059839844978004
0.15059839844978004
0.15059839844978004
0.15059839844978004
0.15059839844978004
0.15059839844978004
0.15059839844978004
0.15059839844978004
0.15059839844978004
0.15059839844978004
0.15059839844978004
0.15059839844978004
0.15059839844978004
0.15059839844978004
0.15059839844978004
0.15059839844978004
0.15059839844978004
0.15059839844978004
0.15059839844978004
0.1457591410153404
0.1457591410153404
0.1457591410153404
0.1457591410153404
0.1457591410153404
0.1457591410153404
0.1457591410153404
0.1457591410153404
0.1457591410153404
0.1457591410153404
0.15059839844978004
0.15059839844978004
0.15059839844978004
0.15059839844978004
0.15059839844978004
0.15059839844978004
0.15059839844978004
0.15059839844978004
0.15059839844978004
0.15059839844978004
0.15059839844978004
0.15059839844978004
0.15059839844978004
0.15059839844978004
0.15059839844978004
0.15059839844978004
0.15059839844978004
0.15059839844978004
0.15059839844978004
0.15059839844978004
0.1457591410153404
0.1457591410153404
0.1457591410153404
0.1457591410153404
0.1457591410153404
0.1457591410153404
0.1457591410153404
0.1457591410153404
0.1457591410153404
0.1457591410153404
0.15059839844978004
0.15059839844978004
0.15059839844978004
0.15059839844978004
0.15059839844978004
0.15059839844978004
0.15059839844978004
0.15059839844978004
0.15059839844978004
0.15059839844978004
0.15059839844978004
0.15059839844978004
0.15059839844978004
0.15059839844978004
0.15059839844978004
0.15059839844978004
0.15059839844978004
0.15059839844978004
0.15059839844978004
0.15059839844978004
0.15059839844978004
0.15059839844978004
0.15059839844978004
0.15059839844978004
0.15059839844978004
0.15059839844978004
0.15059839844978004
0.15059839844978004
0.15059839844978004
0.15059839844978004
0.15059839844978004
0.15059839844978004
0.15059839844978004
0.15059839844978004
0.15059839844978004
0.15059839844978004
0.15059839844978004
0.15059839844978004
0.15059839844978004
0.15059839844978004
0.15059839844978004
0.15059839844978004
0.15059839844978004
0.15059839844978004
0.15059839844978004
0.15059839844978004
0.15059839844978004
0.15059839844978004
0.15059839844978004
0.15059839844978004
0.1457591410153404
0.1457591410153404
0.1457591410153404
0.1457591410153404
0.1457591410153404
0.1457591410153404
0.1457591410153404
0.1457591410153404
0.1457591410153404
0.1457591410153404
0.1457591410153404
0.1457591410153404
0.1457591410153404
0.1457591410153404
0.1457591410153404
0.1457591410153404
0.1457591410153404
0.1457591410153404
0.1457591410153404
0.1457591410153404
0.1457591410153404
0.1457591410153404
0.1457591410153404
0.1457591410153404
0.1457591410153404
0.1457591410153404
0.1457591410153404
0.1457591410153404
0.1457591410153404
0.1457591410153404
0.1457591410153404
0.1457591410153404
0.1457591410153404
0.1457591410153404
0.1457591410153404
0.1457591410153404
0.1457591410153404
0.1457591410153404
0.1457591410153404
0.1457591410153404
0.1457591410153404
0.1457591410153404
0.1457591410153404
0.1457591410153404
0.1457591410153404
0.1457591410153404
0.1457591410153404
0.1457591410153404
0.1457591410153404
0.1457591410153404
0.1457591410153404
0.1457591410153404
0.1457591410153404
0.1457591410153404
0.1457591410153404
0.1457591410153404
0.1457591410153404
0.1457591410153404
0.1457591410153404
0.1457591410153404
0.1457591410153404
0.1457591410153404
0.1457591410153404
0.1457591410153404
0.1457591410153404
0.1457591410153404
0.1457591410153404
0.1457591410153404
0.1457591410153404
0.1457591410153404
0.1457591410153404
0.1457591410153404
0.1457591410153404
0.1457591410153404
0.1457591410153404
0.1457591410153404
0.1457591410153404
0.1457591410153404
0.1457591410153404
0.1457591410153404
0.1457591410153404
0.1457591410153404
0.1457591410153404
0.1457591410153404
0.1457591410153404
0.1457591410153404
0.1457591410153404
0.1457591410153404
0.1457591410153404
0.1457591410153404
0.1457591410153404
0.1457591410153404
0.1457591410153404
0.1457591410153404
0.1457591410153404
0.1457591410153404
0.1457591410153404
0.1457591410153404
0.1457591410153404
0.1457591410153404
0.1457591410153404
0.1457591410153404
0.1457591410153404
0.1457591410153404
0.1457591410153404
0.1457591410153404
0.1457591410153404
0.1457591410153404
0.1457591410153404
0.1457591410153404
0.1457591410153404
0.1457591410153404
0.1457591410153404
0.1457591410153404
0.1457591410153404
0.1457591410153404
0.1457591410153404
0.1457591410153404
0.1457591410153404
0.1457591410153404
0.1457591410153404
0.1457591410153404
0.1457591410153404
0.1457591410153404
0.1457591410153404
0.1457591410153404
0.1457591410153404
0.1457591410153404
0.1457591410153404
0.1457591410153404
0.1457591410153404
0.1457591410153404
0.1457591410153404
0.1457591410153404
0.1457591410153404
0.1457591410153404
0.1457591410153404
0.1457591410153404
0.1457591410153404
0.1457591410153404
0.1457591410153404
0.1457591410153404
0.1457591410153404
0.1457591410153404
0.1457591410153404
0.1457591410153404
0.1457591410153404
0.1457591410153404
0.1457591410153404
0.1457591410153404
0.1457591410153404
0.1457591410153404
0.1457591410153404
0.1457591410153404
0.1457591410153404
0.1457591410153404
0.1457591410153404
0.1457591410153404
0.1457591410153404
0.1457591410153404
0.1457591410153404
0.1457591410153404
0.1457591410153404
0.1457591410153404
0.1457591410153404
0.1457591410153404
0.1457591410153404
0.1457591410153404
0.1457591410153404
0.1457591410153404
0.1457591410153404
0.1457591410153404
0.1457591410153404
0.1457591410153404
0.1457591410153404
0.1457591410153404
0.1457591410153404
0.1457591410153404
0.1457591410153404
0.1457591410153404
0.1457591410153404
0.1457591410153404
0.1457591410153404
0.1457591410153404
0.1457591410153404
0.1457591410153404
0.1457591410153404
0.1457591410153404
0.1457591410153404
0.1457591410153404
0.1457591410153404
0.1457591410153404
0.1457591410153404
0.1457591410153404
0.1457591410153404
0.1457591410153404
0.1457591410153404
0.1457591410153404
0.1457591410153404
0.1457591410153404
0.1457591410153404
0.1457591410153404
0.1457591410153404
0.1457591410153404
0.1457591410153404
0.1457591410153404
0.1457591410153404
0.1457591410153404
0.1457591410153404
0.1457591410153404
0.1457591410153404
0.1457591410153404
0.1457591410153404
0.1457591410153404
0.1457591410153404
0.1457591410153404
0.1457591410153404
0.1457591410153404
0.1457591410153404
0.1457591410153404
0.11496335370302636
0.11496335370302636
0.11496335370302636
0.11496335370302636
0.11496335370302636
0.11496335370302636
0.11496335370302636
0.11496335370302636
0.11496335370302636
0.11496335370302636
0.11496335370302636
0.11496335370302636
0.11496335370302636
0.11496335370302636
0.11496335370302636
0.11496335370302636
0.11496335370302636
0.11496335370302636
0.11496335370302636
0.11496335370302636
0.11496335370302636
0.11496335370302636
0.11496335370302636
0.11496335370302636
0.11496335370302636
0.11496335370302636
0.11496335370302636
0.11496335370302636
0.11496335370302636
0.11496335370302636
0.11496335370302636
0.11496335370302636
0.11496335370302636
0.11496335370302636
0.11496335370302636
0.11496335370302636
0.11496335370302636
0.11496335370302636
0.11496335370302636
0.11496335370302636
0.11496335370302636
0.11496335370302636
0.11496335370302636
0.11496335370302636
0.11496335370302636
0.11496335370302636
0.11496335370302636
0.11496335370302636
0.11496335370302636
0.11496335370302636
0.11496335370302636
0.11496335370302636
0.11496335370302636
0.11496335370302636
0.11496335370302636
0.11496335370302636
0.11496335370302636
0.11496335370302636
0.11496335370302636
0.11496335370302636
0.11496335370302636
0.11496335370302636
0.11496335370302636
0.11496335370302636
0.11496335370302636
0.11496335370302636
0.11496335370302636
0.11496335370302636
0.11496335370302636
0.11496335370302636
0.11496335370302636
0.11496335370302636
0.11496335370302636
0.11496335370302636
0.11496335370302636
0.11496335370302636
0.11496335370302636
0.11496335370302636
0.11496335370302636
0.11496335370302636
0.11496335370302636
0.11496335370302636
0.11496335370302636
0.11496335370302636
0.11496335370302636
0.11496335370302636
0.11496335370302636
0.11496335370302636
0.11496335370302636
0.11496335370302636
0.11496335370302636
0.11496335370302636
0.11496335370302636
0.11496335370302636
0.11496335370302636
0.11496335370302636
0.11496335370302636
0.11496335370302636
0.11496335370302636
0.11496335370302636
0.11496335370302636
0.11496335370302636
0.11496335370302636
0.11496335370302636
0.11496335370302636
0.11496335370302636
0.11496335370302636
0.11496335370302636
0.11496335370302636
0.11496335370302636
0.11496335370302636
0.11496335370302636
0.11496335370302636
0.11496335370302636
0.11496335370302636
0.11496335370302636
0.11496335370302636
0.11496335370302636
0.11496335370302636
0.11496335370302636
0.11496335370302636
0.11496335370302636
0.11496335370302636
0.11496335370302636
0.11496335370302636
0.11496335370302636
0.11496335370302636
0.11496335370302636
0.11496335370302636
0.11496335370302636
0.11496335370302636
0.11496335370302636
0.11496335370302636
0.11496335370302636
0.11496335370302636
0.11496335370302636
0.11496335370302636
0.11496335370302636
0.11496335370302636
0.11496335370302636
0.11496335370302636
0.11496335370302636
0.11496335370302636
0.11496335370302636
0.11496335370302636
0.11496335370302636
0.11496335370302636
0.11496335370302636
0.11496335370302636
0.11496335370302636
0.11496335370302636
0.11496335370302636
0.11496335370302636
0.11496335370302636
0.11496335370302636
0.11496335370302636
0.11496335370302636
0.11496335370302636
0.11496335370302636
0.11496335370302636
0.11496335370302636
0.11496335370302636
0.11496335370302636
0.11496335370302636
0.11496335370302636
0.11496335370302636
0.11496335370302636
0.11496335370302636
0.11496335370302636
0.11496335370302636
0.11496335370302636
0.11496335370302636
0.11496335370302636
0.11496335370302636
0.11496335370302636
0.11496335370302636
0.11496335370302636
0.11496335370302636
0.11496335370302636
0.11496335370302636
0.11496335370302636
0.11496335370302636
0.11496335370302636
0.11496335370302636
0.11496335370302636
0.11496335370302636
0.11496335370302636
0.11496335370302636
0.11496335370302636
0.11496335370302636
0.11496335370302636
0.11496335370302636
0.11496335370302636
0.11496335370302636
0.11496335370302636
0.11496335370302636
0.11496335370302636
0.11496335370302636
0.11496335370302636
0.11496335370302636
0.11496335370302636
0.11496335370302636
0.11496335370302636
0.11496335370302636
0.11496335370302636
0.11496335370302636
0.11496335370302636
0.11496335370302636
0.11496335370302636
0.11496335370302636
0.11496335370302636
0.11496335370302636
0.11496335370302636
0.11496335370302636
0.11496335370302636
0.11496335370302636
0.11496335370302636
0.11496335370302636
0.11496335370302636
0.11496335370302636
0.11496335370302636
0.11496335370302636
0.11496335370302636
0.11496335370302636
0.11496335370302636
0.11496335370302636
0.11496335370302636
0.11496335370302636
0.11496335370302636
0.11496335370302636
0.11496335370302636
0.11496335370302636
0.11496335370302636
0.11496335370302636
0.11496335370302636
0.11496335370302636
0.11496335370302636
0.11496335370302636
0.11496335370302636
0.11496335370302636
0.11496335370302636
0.11496335370302636
0.11496335370302636
0.11496335370302636
0.11496335370302636
0.11496335370302636
0.11496335370302636
0.11496335370302636
0.11496335370302636
0.11496335370302636
0.11496335370302636
0.11496335370302636
0.11496335370302636
0.11496335370302636
0.11496335370302636
0.11496335370302636
0.11496335370302636
0.11496335370302636
0.11496335370302636
0.11496335370302636
0.11496335370302636
0.11496335370302636
0.11496335370302636
0.11496335370302636
0.11496335370302636
0.11496335370302636
0.11496335370302636
0.11496335370302636
0.11496335370302636
0.11496335370302636
0.11496335370302636
0.11496335370302636
0.11496335370302636
0.11496335370302636
0.11496335370302636
0.11496335370302636
0.11496335370302636
0.11496335370302636
0.11496335370302636
0.11496335370302636
0.11496335370302636
0.11496335370302636
0.11496335370302636
0.11496335370302636
0.11496335370302636
0.11496335370302636
0.11496335370302636
0.11496335370302636
0.11496335370302636
0.11496335370302636
0.11496335370302636
0.11496335370302636
0.11496335370302636
0.11496335370302636
0.11496335370302636
0.11496335370302636
0.11496335370302636
0.11496335370302636
0.11496335370302636
0.11496335370302636
0.11496335370302636
0.11496335370302636
0.11496335370302636
0.11496335370302636
0.11496335370302636
0.11496335370302636
0.11496335370302636
0.11496335370302636
0.11496335370302636
0.11496335370302636
0.11496335370302636
0.11496335370302636
0.11496335370302636
0.11496335370302636
0.11496335370302636
0.11496335370302636
0.11496335370302636
0.11496335370302636
0.11496335370302636
0.11496335370302636
0.11496335370302636
0.11496335370302636
0.11496335370302636
0.11496335370302636
0.11496335370302636
0.11496335370302636
0.11496335370302636
0.11496335370302636
0.11496335370302636
0.11496335370302636
0.11496335370302636
0.11496335370302636
0.11496335370302636
0.11496335370302636
0.11496335370302636
0.11496335370302636
0.11496335370302636
0.11496335370302636
0.11496335370302636
0.11496335370302636
0.11496335370302636
0.11496335370302636
0.11496335370302636
0.11496335370302636
0.11496335370302636
0.11496335370302636
0.11496335370302636
0.11496335370302636
0.11496335370302636
0.11496335370302636
0.11496335370302636
0.11496335370302636
0.11496335370302636
0.11496335370302636
0.11496335370302636
0.11496335370302636
0.11496335370302636
0.11496335370302636
0.11496335370302636
0.11496335370302636
0.11496335370302636
0.11496335370302636
0.11496335370302636
0.11496335370302636
0.11496335370302636
0.11496335370302636
0.11496335370302636
0.11496335370302636
0.11496335370302636
0.11496335370302636
0.11496335370302636
0.11496335370302636
0.11496335370302636
0.11496335370302636
0.11496335370302636
0.11496335370302636
0.11496335370302636
0.11496335370302636
0.11496335370302636
0.11496335370302636
0.11496335370302636
0.11496335370302636
0.11496335370302636
0.11496335370302636
0.11496335370302636
0.11496335370302636
0.11496335370302636
0.11496335370302636
0.11496335370302636
0.11496335370302636
0.11496335370302636
0.11496335370302636
0.11496335370302636
0.11496335370302636
0.11496335370302636
0.11496335370302636
0.11496335370302636
0.11496335370302636
0.11496335370302636
0.11496335370302636
0.11496335370302636
0.11496335370302636
0.11496335370302636
0.11496335370302636
0.11496335370302636
0.11496335370302636
0.11496335370302636
0.11496335370302636
0.11496335370302636
0.11496335370302636
0.11496335370302636
0.11496335370302636
0.11496335370302636
0.11496335370302636
0.11496335370302636
0.11496335370302636
0.11496335370302636
0.11496335370302636
0.11496335370302636
0.11496335370302636
0.11496335370302636
0.11496335370302636
0.11496335370302636
0.11496335370302636
0.11496335370302636
0.11496335370302636
0.11496335370302636
0.11496335370302636
0.11496335370302636
0.11496335370302636
0.11496335370302636
0.11496335370302636
0.11496335370302636
0.11496335370302636
0.11496335370302636
0.11496335370302636
0.11496335370302636
0.11496335370302636
0.11496335370302636
0.11496335370302636
0.11496335370302636
0.10580864013162128
0.10580864013162128
0.10580864013162128
0.10580864013162128
0.10580864013162128
0.10580864013162128
0.10580864013162128
0.10580864013162128
0.10580864013162128
0.10580864013162128
0.10580864013162128
0.10580864013162128
0.10580864013162128
0.10580864013162128
0.10580864013162128
0.10580864013162128
0.10580864013162128
0.10580864013162128
0.10580864013162128
0.10580864013162128
0.10580864013162128
0.10580864013162128
0.10580864013162128
0.10580864013162128
0.10580864013162128
0.10580864013162128
0.10580864013162128
0.10580864013162128
0.10580864013162128
0.10580864013162128
0.10580864013162128
0.10580864013162128
0.10580864013162128
0.10580864013162128
0.10580864013162128
0.10580864013162128
0.10580864013162128
0.10580864013162128
0.10580864013162128
0.10580864013162128
0.10580864013162128
0.10580864013162128
0.10580864013162128
0.10580864013162128
0.10580864013162128
0.10580864013162128
0.10580864013162128
0.10580864013162128
0.10580864013162128
0.10580864013162128
0.10580864013162128
0.10580864013162128
0.10580864013162128
0.10580864013162128
0.10580864013162128
0.10580864013162128
0.10580864013162128
0.10580864013162128
0.10580864013162128
0.10580864013162128
0.10580864013162128
0.10580864013162128
0.10580864013162128
0.10580864013162128
0.10580864013162128
0.10580864013162128
0.10580864013162128
0.10580864013162128
0.10580864013162128
0.10580864013162128
0.10580864013162128
0.10580864013162128
0.10580864013162128
0.10580864013162128
0.10580864013162128
0.10580864013162128
0.10580864013162128
0.10580864013162128
0.10580864013162128
0.10580864013162128
0.10580864013162128
0.10580864013162128
0.10580864013162128
0.10580864013162128
0.10580864013162128
0.10580864013162128
0.10580864013162128
0.10580864013162128
0.10580864013162128
0.10580864013162128
0.10580864013162128
0.10580864013162128
0.10580864013162128
0.10580864013162128
0.10580864013162128
0.10580864013162128
0.10580864013162128
0.10580864013162128
0.10580864013162128
0.10580864013162128
0.10331823559575631
0.10331823559575631
0.10331823559575631
0.10331823559575631
0.10331823559575631
0.10331823559575631
0.10331823559575631
0.10331823559575631
0.10331823559575631
0.10331823559575631
0.10331823559575631
0.10331823559575631
0.10331823559575631
0.10331823559575631
0.10331823559575631
0.10331823559575631
0.10331823559575631
0.10331823559575631
0.10331823559575631
0.10331823559575631
0.10331823559575631
0.10331823559575631
0.10331823559575631
0.10331823559575631
0.10331823559575631
0.10331823559575631
0.10331823559575631
0.10331823559575631
0.10331823559575631
0.10331823559575631
0.10331823559575631
0.10331823559575631
0.10331823559575631
0.10331823559575631
0.10331823559575631
0.10331823559575631
0.10331823559575631
0.10331823559575631
0.10331823559575631
0.10331823559575631
0.10331823559575631
0.10331823559575631
0.10331823559575631
0.10331823559575631
0.10331823559575631
0.10331823559575631
0.10331823559575631
0.10331823559575631
0.10331823559575631
0.10331823559575631
0.10331823559575631
0.10331823559575631
0.10331823559575631
0.10331823559575631
0.10331823559575631
0.10331823559575631
0.10331823559575631
0.10331823559575631
0.10331823559575631
0.10331823559575631
0.10331823559575631
0.10331823559575631
0.10331823559575631
0.10331823559575631
0.10331823559575631
0.10331823559575631
0.10331823559575631
0.10331823559575631
0.10331823559575631
0.10331823559575631
0.10331823559575631
0.10331823559575631
0.10331823559575631
0.10331823559575631
0.10331823559575631
0.10331823559575631
0.10331823559575631
0.10331823559575631
0.10331823559575631
0.10331823559575631
0.10331823559575631
0.10331823559575631
0.10331823559575631
0.10331823559575631
0.10331823559575631
0.10331823559575631
0.10331823559575631
0.10331823559575631
0.10331823559575631
0.10331823559575631
0.10331823559575631
0.10331823559575631
0.10331823559575631
0.10331823559575631
0.10331823559575631
0.10331823559575631
0.10331823559575631
0.10331823559575631
0.10331823559575631
0.10331823559575631
0.10331823559575631
0.10331823559575631
0.10331823559575631
0.10331823559575631
0.10331823559575631
0.10331823559575631
0.10331823559575631
0.10331823559575631
0.10331823559575631
0.10331823559575631
0.10331823559575631
0.10331823559575631
0.10331823559575631
0.10331823559575631
0.10331823559575631
0.10331823559575631
0.10331823559575631
0.10331823559575631
0.10331823559575631
0.10331823559575631
0.10331823559575631
0.10331823559575631
0.10331823559575631
0.10331823559575631
0.10331823559575631
0.10331823559575631
0.10331823559575631
0.10331823559575631
0.10331823559575631
0.10331823559575631
0.10331823559575631
0.10331823559575631
0.10331823559575631
0.10331823559575631
0.10331823559575631
0.10331823559575631
0.10331823559575631
0.10331823559575631
0.10331823559575631
0.10331823559575631
0.10331823559575631
0.10331823559575631
0.10331823559575631
0.10331823559575631
0.10331823559575631
0.10331823559575631
0.10331823559575631
0.10331823559575631
0.10131743301413344
0.10131743301413344
0.10131743301413344
0.10131743301413344
0.10131743301413344
0.10131743301413344
0.10131743301413344
0.10131743301413344
0.10131743301413344
0.10131743301413344
0.10131743301413344
0.10131743301413344
0.10131743301413344
0.10131743301413344
0.10131743301413344
0.10131743301413344
0.10131743301413344
0.10131743301413344
0.10131743301413344
0.10131743301413344
0.10131743301413344
0.10131743301413344
0.10131743301413344
0.10131743301413344
0.10131743301413344
0.10131743301413344
0.10131743301413344
0.10131743301413344
0.10131743301413344
0.10131743301413344
0.10131743301413344
0.10131743301413344
0.10131743301413344
0.10131743301413344
0.10131743301413344
0.10131743301413344
0.10131743301413344
0.10131743301413344
0.10131743301413344
0.10131743301413344
0.10131743301413344
0.10131743301413344
0.10131743301413344
0.10131743301413344
0.10131743301413344
0.10131743301413344
0.10131743301413344
0.10131743301413344
0.10131743301413344
0.10131743301413344
0.10131743301413344
0.10131743301413344
0.10131743301413344
0.10131743301413344
0.10131743301413344
0.10131743301413344
0.10131743301413344
0.10131743301413344
0.10131743301413344
0.10131743301413344
0.10131743301413344
0.10131743301413344
0.10131743301413344
0.10131743301413344
0.10131743301413344
0.10131743301413344
0.10131743301413344
0.10131743301413344
0.10131743301413344
0.10131743301413344
0.10131743301413344
0.09849998772665552
0.09849998772665552
0.09849998772665552
0.09849998772665552
0.09849998772665552
0.09849998772665552
0.09849998772665552
0.09849998772665552
0.09849998772665552
0.09849998772665552
0.09849998772665552
0.09849998772665552
0.09849998772665552
0.09849998772665552
0.09849998772665552
0.09849998772665552
0.09849998772665552
0.09849998772665552
0.09849998772665552
0.09849998772665552
0.09849998772665552
0.09849998772665552
0.09849998772665552
0.09849998772665552
0.09849998772665552
0.09849998772665552
0.09849998772665552
0.09849998772665552
0.09849998772665552
0.09849998772665552
0.09849998772665552
0.09849998772665552
0.09849998772665552
0.09849998772665552
0.09849998772665552
0.09849998772665552
0.09849998772665552
0.09849998772665552
0.09849998772665552
0.09849998772665552
0.09849998772665552
0.09849998772665552
0.09849998772665552
0.09849998772665552
0.09849998772665552
0.09849998772665552
0.09849998772665552
0.09849998772665552
0.09849998772665552
0.09849998772665552
0.09849998772665552
0.09849998772665552
0.09849998772665552
0.09849998772665552
0.09849998772665552
0.09849998772665552
0.09849998772665552
0.09849998772665552
0.09849998772665552
0.09849998772665552
0.09849998772665552
0.09849998772665552
0.09849998772665552
0.09849998772665552
0.09849998772665552
0.09849998772665552
0.09849998772665552
0.09849998772665552
0.09849998772665552
0.09849998772665552
0.09849998772665552
0.09849998772665552
0.09849998772665552
0.09849998772665552
0.09849998772665552
0.09849998772665552
0.09849998772665552
0.09849998772665552
0.09849998772665552
0.09849998772665552
0.09849998772665552
0.09849998772665552
0.09849998772665552
0.09849998772665552
0.09849998772665552
0.09849998772665552
0.09849998772665552
0.09849998772665552
0.09849998772665552
0.09849998772665552
0.09849998772665552
0.09849998772665552
0.09849998772665552
0.09849998772665552
0.09849998772665552
0.09849998772665552
0.09849998772665552
0.09849998772665552
0.09849998772665552
0.09849998772665552
0.09849998772665552
0.09849998772665552
0.09849998772665552
0.09849998772665552
0.09849998772665552
0.09849998772665552
0.09849998772665552
0.09849998772665552
0.09849998772665552
0.09849998772665552
0.09849998772665552
0.09849998772665552
0.09849998772665552
0.09849998772665552
0.09849998772665552
0.09849998772665552
0.09849998772665552
0.09849998772665552
0.09849998772665552
0.09849998772665552
0.09849998772665552
0.09849998772665552
0.09849998772665552
0.09849998772665552
0.09849998772665552
0.09849998772665552
0.09849998772665552
0.09849998772665552
0.09849998772665552
0.09849998772665552
0.09849998772665552
0.09849998772665552
0.09849998772665552
0.09849998772665552
0.09849998772665552
0.09849998772665552
0.09849998772665552
0.09849998772665552
0.09849998772665552
0.09849998772665552
0.09849998772665552
0.09849998772665552
0.09849998772665552
0.09849998772665552
0.09849998772665552
0.09849998772665552
0.09849998772665552
0.09849998772665552
0.09849998772665552
0.09849998772665552
0.09849998772665552
0.09849998772665552
0.09849998772665552
0.09849998772665552
0.09849998772665552
0.09849998772665552
0.09849998772665552
0.09849998772665552
0.09849998772665552
0.09849998772665552
0.09849998772665552
0.09849998772665552
0.09849998772665552
0.09849998772665552
0.09849998772665552
0.09849998772665552
0.09849998772665552
0.09849998772665552
0.09849998772665552
0.09849998772665552
0.09849998772665552
0.09849998772665552
0.09849998772665552
0.09849998772665552
0.09849998772665552
0.09849998772665552
0.09849998772665552
0.09849998772665552
0.09849998772665552
0.09849998772665552
0.09849998772665552
0.09849998772665552
0.09849998772665552
0.09849998772665552
0.09849998772665552
0.09849998772665552
0.09849998772665552
0.09849998772665552
0.09849998772665552
0.09849998772665552
0.09849998772665552
0.09849998772665552
0.09849998772665552
0.09849998772665552
0.09849998772665552
0.09849998772665552
0.09849998772665552
0.09849998772665552
0.09849998772665552
0.09849998772665552
0.09849998772665552
0.09849998772665552
0.09849998772665552
0.09849998772665552
0.09849998772665552
0.09849998772665552
0.09849998772665552
0.09849998772665552
0.09849998772665552
0.09849998772665552
0.09849998772665552
0.09849998772665552
0.09849998772665552
0.09849998772665552
0.09849998772665552
0.09849998772665552
0.09849998772665552
0.09849998772665552
0.09849998772665552
0.09849998772665552
0.09849998772665552
0.09849998772665552
0.09849998772665552
0.09849998772665552
0.09849998772665552
0.09849998772665552
0.09849998772665552
0.09849998772665552
0.09849998772665552
0.09849998772665552
0.09849998772665552
0.09849998772665552
0.09849998772665552
0.09849998772665552
0.09849998772665552
0.09849998772665552
0.09849998772665552
0.09849998772665552
0.09849998772665552
0.09849998772665552
0.09849998772665552
0.09849998772665552
0.09849998772665552
0.09849998772665552
0.09849998772665552
0.09849998772665552
0.09849998772665552
0.09849998772665552
0.09849998772665552
0.09849998772665552
0.09849998772665552
0.09849998772665552
0.09849998772665552
0.09849998772665552
0.09849998772665552
0.09849998772665552
0.09849998772665552
0.09849998772665552
0.09849998772665552
0.09849998772665552
0.09849998772665552
0.09849998772665552
0.09849998772665552
0.09849998772665552
0.09849998772665552
0.09849998772665552
0.09849998772665552
0.09849998772665552
0.09849998772665552
0.09849998772665552
0.09849998772665552
0.09849998772665552
0.09849998772665552
0.09849998772665552
0.09849998772665552
0.09849998772665552
0.09849998772665552
0.09849998772665552
0.09849998772665552
0.08396338588694156
0.08396338588694156
0.08396338588694156
0.08396338588694156
0.08396338588694156
0.08396338588694156
0.08396338588694156
0.08396338588694156
0.08396338588694156
0.08396338588694156
0.08396338588694156
0.08396338588694156
0.08396338588694156
0.08396338588694156
0.08396338588694156
0.08396338588694156
0.08396338588694156
0.08396338588694156
0.08396338588694156
0.08396338588694156
0.08396338588694156
0.08396338588694156
0.08396338588694156
0.08396338588694156
0.08396338588694156
0.08396338588694156
0.08396338588694156
0.08396338588694156
0.08396338588694156
0.08396338588694156
0.08396338588694156
0.08396338588694156
0.08396338588694156
0.08396338588694156
0.08396338588694156
0.08396338588694156
0.08396338588694156
0.08396338588694156
0.08396338588694156
0.08396338588694156
0.08396338588694156
0.08396338588694156
0.08396338588694156
0.08396338588694156
0.08396338588694156
0.08396338588694156
0.08396338588694156
0.08396338588694156
0.08396338588694156
0.08396338588694156
0.08396338588694156
0.08396338588694156
0.08396338588694156
0.08396338588694156
0.08396338588694156
0.08396338588694156
0.08396338588694156
0.08396338588694156
0.08396338588694156
0.08396338588694156
0.08396338588694156
0.08396338588694156
0.08396338588694156
0.08396338588694156
0.08396338588694156
0.08396338588694156
0.08396338588694156
0.08396338588694156
0.08396338588694156
0.08396338588694156
0.08396338588694156
0.08396338588694156
0.08396338588694156
0.08396338588694156
0.08396338588694156
0.08396338588694156
0.08396338588694156
0.08396338588694156
0.08396338588694156
0.08396338588694156
0.08396338588694156
0.08396338588694156
0.08396338588694156
0.08396338588694156
0.08396338588694156
0.08396338588694156
0.08396338588694156
0.08396338588694156
0.08396338588694156
0.08396338588694156
0.08396338588694156
0.08396338588694156
0.08396338588694156
0.08396338588694156
0.08396338588694156
0.08396338588694156
0.08396338588694156
0.08396338588694156
0.08396338588694156
0.08396338588694156
0.08396338588694156
0.08396338588694156
0.08396338588694156
0.08396338588694156
0.08396338588694156
0.08396338588694156
0.08396338588694156
0.08396338588694156
0.08396338588694156
0.08396338588694156
0.08396338588694156
0.08396338588694156
0.08396338588694156
0.08396338588694156
0.08396338588694156
0.08396338588694156
0.08396338588694156
0.08396338588694156
0.08396338588694156
0.08396338588694156
0.08396338588694156
0.08396338588694156
0.08396338588694156
0.08396338588694156
0.08396338588694156
0.08396338588694156
0.08396338588694156
0.08396338588694156
0.08396338588694156
0.08396338588694156
0.08396338588694156
0.08396338588694156
0.08396338588694156
0.08396338588694156
0.08396338588694156
0.08396338588694156
0.08396338588694156
0.08396338588694156
0.08396338588694156
0.08396338588694156
0.08396338588694156
0.08396338588694156
0.08396338588694156
0.08396338588694156
0.08396338588694156
0.08396338588694156
0.08396338588694156
0.08396338588694156
0.08396338588694156
0.08396338588694156
0.08396338588694156
0.08396338588694156
0.08396338588694156
0.08396338588694156
0.08396338588694156
0.08396338588694156
0.08396338588694156
0.08396338588694156
0.08396338588694156
0.08396338588694156
0.08396338588694156
0.08396338588694156
0.08396338588694156
0.08396338588694156
0.08396338588694156
0.08396338588694156
0.08396338588694156
0.08396338588694156
0.08396338588694156
0.08396338588694156
0.08396338588694156
0.08396338588694156
0.08396338588694156
0.08396338588694156
0.08396338588694156
0.08396338588694156
0.08396338588694156
0.08396338588694156
0.08396338588694156
0.08396338588694156
0.08396338588694156
0.08396338588694156
0.08396338588694156
0.08396338588694156
0.08396338588694156
0.08396338588694156
0.08396338588694156
0.08396338588694156
0.08396338588694156
0.08396338588694156
0.08396338588694156
0.08396338588694156
0.08396338588694156
0.08396338588694156
0.08396338588694156
0.08396338588694156
0.08396338588694156
0.08396338588694156
0.08396338588694156
0.08396338588694156
0.08396338588694156
0.08396338588694156
0.08396338588694156
0.08396338588694156
0.08396338588694156
0.08396338588694156
0.08396338588694156
0.08396338588694156
0.08396338588694156
0.08396338588694156
0.08396338588694156
0.08396338588694156
0.08396338588694156
0.08396338588694156
0.08396338588694156
0.08396338588694156
0.08396338588694156
0.08396338588694156
0.08396338588694156
0.08396338588694156
0.08396338588694156
0.08396338588694156
0.08396338588694156
0.08396338588694156
0.08396338588694156
0.08396338588694156
0.08396338588694156
0.08396338588694156
0.08396338588694156
0.08396338588694156
0.08396338588694156
0.08396338588694156
0.08396338588694156
0.08396338588694156
0.08396338588694156
0.08396338588694156
0.08396338588694156
0.08396338588694156
0.08396338588694156
0.08396338588694156
0.08396338588694156
0.08396338588694156
0.08396338588694156
0.08396338588694156
0.08396338588694156
0.08396338588694156
0.08396338588694156
0.08396338588694156
0.08396338588694156
0.08396338588694156
0.08396338588694156
0.08396338588694156
0.08396338588694156
0.08396338588694156
0.08396338588694156
0.08396338588694156
0.08396338588694156
0.08396338588694156
0.08396338588694156
0.08396338588694156
0.08396338588694156
0.08396338588694156
0.08396338588694156
0.08396338588694156
0.08396338588694156
0.08396338588694156
0.08396338588694156
0.08396338588694156
0.08396338588694156
0.08396338588694156
0.08396338588694156
0.08396338588694156
0.08396338588694156
0.08396338588694156
0.08396338588694156
0.08396338588694156
0.08396338588694156
0.08396338588694156
0.08396338588694156
0.08396338588694156
0.08396338588694156
0.08396338588694156
0.08396338588694156
0.08396338588694156
0.08396338588694156
0.08396338588694156
0.08396338588694156
0.08396338588694156
0.08396338588694156
0.08396338588694156
0.08396338588694156
0.08396338588694156
0.08396338588694156
0.08396338588694156
0.08396338588694156
0.08396338588694156
0.08396338588694156
0.08396338588694156
0.08396338588694156
0.08396338588694156
0.08396338588694156
0.08396338588694156
0.08396338588694156
0.08396338588694156
0.08396338588694156
0.08396338588694156
0.08396338588694156
0.08396338588694156
0.08396338588694156
0.08396338588694156
0.08396338588694156
0.08396338588694156
0.08396338588694156
0.08396338588694156
0.08396338588694156
0.08396338588694156
0.08396338588694156
0.08396338588694156
0.08396338588694156
0.08396338588694156
0.08396338588694156
0.08396338588694156
0.08396338588694156
0.08396338588694156
0.08396338588694156
0.08396338588694156
0.08396338588694156
0.08396338588694156
0.08396338588694156
0.08396338588694156
0.08396338588694156
0.08396338588694156
0.08396338588694156
0.08396338588694156
0.08396338588694156
0.08396338588694156
0.08396338588694156
0.08396338588694156
0.08396338588694156
0.08396338588694156
0.08396338588694156
0.08396338588694156
0.08396338588694156
0.08396338588694156
0.08396338588694156
0.08396338588694156
0.08396338588694156
0.08396338588694156
0.08396338588694156
0.08396338588694156
0.08396338588694156
0.08396338588694156
0.08396338588694156
0.08396338588694156
0.08396338588694156
0.08396338588694156
0.08396338588694156
0.08396338588694156
0.08396338588694156
0.08396338588694156
0.08396338588694156
0.08396338588694156
0.08396338588694156
0.08396338588694156
0.08396338588694156
0.08396338588694156
0.08396338588694156
0.08396338588694156
0.08396338588694156
0.08396338588694156
0.08396338588694156
0.08396338588694156
0.08396338588694156
0.08396338588694156
0.08396338588694156
0.08396338588694156
0.08396338588694156
0.08396338588694156
0.08396338588694156
0.08396338588694156
0.08396338588694156
0.08396338588694156
0.08396338588694156
0.08396338588694156
0.08396338588694156
0.08396338588694156
0.08396338588694156
0.08396338588694156
0.08396338588694156
0.08396338588694156
0.08396338588694156
0.08396338588694156
0.08396338588694156
0.08396338588694156
0.08396338588694156
0.08396338588694156
0.08396338588694156
0.08396338588694156
0.08396338588694156
0.08396338588694156
0.08396338588694156
0.08396338588694156
0.08396338588694156
0.08396338588694156
0.08396338588694156
0.08396338588694156
0.08396338588694156
0.08396338588694156
0.08396338588694156
0.08396338588694156
0.08396338588694156
0.08396338588694156
0.08396338588694156
0.08396338588694156
0.08396338588694156
0.08396338588694156
0.08396338588694156
0.08396338588694156
0.08396338588694156
0.08396338588694156
0.08396338588694156
0.08396338588694156
0.08396338588694156
0.08396338588694156
0.08396338588694156
0.08396338588694156
0.08396338588694156
0.08396338588694156
0.08396338588694156
0.08396338588694156
0.08396338588694156
0.08396338588694156
0.08396338588694156
0.08396338588694156
0.08396338588694156
0.08396338588694156
0.08396338588694156
0.08396338588694156
0.08396338588694156
0.08396338588694156
0.08396338588694156
0.08396338588694156
0.08396338588694156
0.08396338588694156
0.08396338588694156
0.08396338588694156
0.08396338588694156
0.08396338588694156
0.08396338588694156
0.08396338588694156
0.08396338588694156
0.08396338588694156
0.08396338588694156
0.08396338588694156
0.08396338588694156
0.08396338588694156
0.08396338588694156
0.08396338588694156
0.08396338588694156
0.08396338588694156
0.08396338588694156
0.08396338588694156
0.08396338588694156
0.08396338588694156
0.08396338588694156
0.08396338588694156
0.08396338588694156
0.08396338588694156
0.08396338588694156
0.08396338588694156
0.08396338588694156
0.08396338588694156
0.08396338588694156
0.08396338588694156
0.08396338588694156
0.08396338588694156
0.08396338588694156
0.08396338588694156
0.08396338588694156
0.08396338588694156
0.08396338588694156
0.08396338588694156
0.08396338588694156
0.08396338588694156
0.08396338588694156
0.08396338588694156
0.08396338588694156
0.08396338588694156
0.08396338588694156
0.08396338588694156
0.08396338588694156
0.08396338588694156
0.08396338588694156
0.08396338588694156
0.08396338588694156
0.08396338588694156
0.08396338588694156
0.08396338588694156
0.08396338588694156
0.08396338588694156
0.08396338588694156
0.08396338588694156
0.08396338588694156
0.08396338588694156
0.08396338588694156
0.08396338588694156
0.08396338588694156
0.08396338588694156
0.08396338588694156
0.08396338588694156
0.08396338588694156
0.08396338588694156
0.08396338588694156
0.08396338588694156
0.08396338588694156
0.08396338588694156
0.08396338588694156
0.08396338588694156
0.08396338588694156
0.08396338588694156
0.08396338588694156
0.08396338588694156
0.08396338588694156
0.08396338588694156
0.08396338588694156
0.08396338588694156
0.08396338588694156
0.08396338588694156
0.08396338588694156
0.08396338588694156
0.08396338588694156
0.08396338588694156
0.08396338588694156
0.08396338588694156
0.08396338588694156
0.08396338588694156
0.08396338588694156
0.08396338588694156
0.08396338588694156
0.08396338588694156
0.08396338588694156
0.08396338588694156
0.08396338588694156
0.08396338588694156
0.08396338588694156
0.08396338588694156
0.08396338588694156
0.08396338588694156
0.08396338588694156
0.08396338588694156
0.08396338588694156
0.08396338588694156
0.08396338588694156
0.08396338588694156
0.08396338588694156
0.08396338588694156
0.08396338588694156
0.08396338588694156
0.08396338588694156
0.08396338588694156
0.08396338588694156
0.08396338588694156
0.08396338588694156
0.08396338588694156
0.08396338588694156
0.08396338588694156
0.08396338588694156
0.08396338588694156
0.08396338588694156
0.08396338588694156
0.08396338588694156
0.08396338588694156
0.08396338588694156
0.08396338588694156
0.08396338588694156
0.08396338588694156
0.08396338588694156
0.08396338588694156
0.08396338588694156
0.08396338588694156
0.08396338588694156
0.08396338588694156
0.08396338588694156
0.08396338588694156
0.08396338588694156
0.08396338588694156
0.08396338588694156
0.08396338588694156
0.08396338588694156
0.08396338588694156
0.08396338588694156
0.08396338588694156
0.08396338588694156
0.08396338588694156
0.08396338588694156
0.08396338588694156
0.08396338588694156
0.08396338588694156
0.08396338588694156
0.08396338588694156
0.08396338588694156
0.08396338588694156
0.08396338588694156
0.08396338588694156
0.08396338588694156
0.08396338588694156
0.08396338588694156
0.08396338588694156
0.08396338588694156
0.08396338588694156
0.08396338588694156
0.08396338588694156
0.08396338588694156
0.08396338588694156
0.08396338588694156
0.08396338588694156
0.08396338588694156
0.08396338588694156
0.08396338588694156
0.08396338588694156
0.08396338588694156
0.08396338588694156
0.08396338588694156
0.08396338588694156
0.08396338588694156
0.08396338588694156
0.08396338588694156
0.08396338588694156
0.08396338588694156
0.08396338588694156
0.08396338588694156
0.08396338588694156
0.08396338588694156
0.08396338588694156
0.08396338588694156
0.08396338588694156
0.08396338588694156
0.08396338588694156
0.08396338588694156
0.08396338588694156
0.08396338588694156
0.08396338588694156
0.08396338588694156
0.08396338588694156
0.08396338588694156
0.08396338588694156
0.08396338588694156
0.08396338588694156
0.08396338588694156
0.08396338588694156
0.08396338588694156
0.08396338588694156
0.08396338588694156
0.08396338588694156
0.08396338588694156
0.08396338588694156
0.08396338588694156
0.08396338588694156
0.08396338588694156
0.08396338588694156
0.08396338588694156
0.08396338588694156
0.08396338588694156
0.08396338588694156
0.08396338588694156
0.08396338588694156
0.08396338588694156
0.08396338588694156
0.08396338588694156
0.08396338588694156
0.08396338588694156
0.08396338588694156
0.08396338588694156
0.08396338588694156
0.08396338588694156
0.08396338588694156
0.08396338588694156
0.08396338588694156
0.08396338588694156
0.08396338588694156
0.08396338588694156
0.08396338588694156
0.08396338588694156
0.08396338588694156
0.08396338588694156
0.08396338588694156
0.08396338588694156
0.08396338588694156
0.08396338588694156
0.08396338588694156
0.08396338588694156
0.08396338588694156
0.08396338588694156
0.08396338588694156
0.08396338588694156
0.08396338588694156
0.08396338588694156
0.08396338588694156
0.08396338588694156
0.08396338588694156
0.08396338588694156
0.08396338588694156
0.08396338588694156
0.08396338588694156
0.08396338588694156
0.08396338588694156
0.08396338588694156
0.08396338588694156
0.08396338588694156
0.08396338588694156
0.08396338588694156
0.08396338588694156
0.08396338588694156
0.08396338588694156
0.08396338588694156
0.08396338588694156
0.08396338588694156
0.08396338588694156
0.08396338588694156
0.08396338588694156
0.08396338588694156
0.08396338588694156
0.08396338588694156
0.08396338588694156
0.08396338588694156
0.08396338588694156
0.08396338588694156
0.08396338588694156
0.08396338588694156
0.08396338588694156
0.08396338588694156
0.08396338588694156
0.08396338588694156
0.08396338588694156
0.08396338588694156
0.08396338588694156
0.08396338588694156
0.08396338588694156
0.08396338588694156
0.08396338588694156
0.08396338588694156
0.08396338588694156
0.08396338588694156
0.08396338588694156
0.08396338588694156
0.08396338588694156
0.08396338588694156
0.08396338588694156
0.08396338588694156
0.08396338588694156
0.08396338588694156
0.08396338588694156
0.08396338588694156
0.08396338588694156
0.08396338588694156
0.08396338588694156
0.08396338588694156
0.08396338588694156
0.08396338588694156
0.08396338588694156
0.08396338588694156
0.08396338588694156
0.08396338588694156
0.08396338588694156
0.08396338588694156
0.08396338588694156
0.08396338588694156
0.08396338588694156
0.07212437725024957
0.07212437725024957
0.07212437725024957
0.07212437725024957
0.07212437725024957
0.07212437725024957
0.07212437725024957
0.07212437725024957
0.07212437725024957
0.07212437725024957
0.07212437725024957
0.07212437725024957
0.07212437725024957
0.07212437725024957
0.07212437725024957
0.07212437725024957
0.07212437725024957
0.07212437725024957
0.07212437725024957
0.07212437725024957
0.07212437725024957
0.07212437725024957
0.07212437725024957
0.07212437725024957
0.07212437725024957
0.07212437725024957
0.07212437725024957
0.07212437725024957
0.07212437725024957
0.07212437725024957
0.07212437725024957
0.07212437725024957
0.07212437725024957
0.07212437725024957
0.07212437725024957
0.07212437725024957
0.07212437725024957
0.07212437725024957
0.07212437725024957
0.07212437725024957
0.07212437725024957
0.07212437725024957
0.07212437725024957
0.07212437725024957
0.07212437725024957
0.07212437725024957
0.07212437725024957
0.07212437725024957
0.07212437725024957
0.07212437725024957
0.07212437725024957
0.07212437725024957
0.07212437725024957
0.07212437725024957
0.07212437725024957
0.07212437725024957
0.07212437725024957
0.07212437725024957
0.07212437725024957
0.07212437725024957
0.07212437725024957
0.07212437725024957
0.07212437725024957
0.07212437725024957
0.07212437725024957
0.07212437725024957
0.07212437725024957
0.07212437725024957
0.07212437725024957
0.07212437725024957
0.07212437725024957
0.07212437725024957
0.07212437725024957
0.07212437725024957
0.07212437725024957
0.07212437725024957
0.07212437725024957
0.07212437725024957
0.07212437725024957
0.07212437725024957
0.07212437725024957
0.07212437725024957
0.07212437725024957
0.07212437725024957
0.07212437725024957
0.07212437725024957
0.07212437725024957
0.07212437725024957
0.07212437725024957
0.07212437725024957
0.07212437725024957
0.07212437725024957
0.07212437725024957
0.07212437725024957
0.07212437725024957
0.07212437725024957
0.07212437725024957
0.07212437725024957
0.07212437725024957
0.07212437725024957
0.07212437725024957
0.07212437725024957
0.07212437725024957
0.07212437725024957
0.07212437725024957
0.07212437725024957
0.07212437725024957
0.07212437725024957
0.07212437725024957
0.07212437725024957
0.07212437725024957
0.07212437725024957
0.07212437725024957
0.07212437725024957
0.07212437725024957
0.07212437725024957
0.07212437725024957
0.07212437725024957
0.07212437725024957
0.07212437725024957
0.07212437725024957
0.07212437725024957
0.07212437725024957
0.07212437725024957
0.07212437725024957
0.07212437725024957
0.07212437725024957
0.07212437725024957
0.07212437725024957
0.07212437725024957
0.07212437725024957
0.07212437725024957
0.07212437725024957
0.07212437725024957
0.07212437725024957
0.07212437725024957
0.07212437725024957
0.07212437725024957
0.07212437725024957
0.07212437725024957
0.07212437725024957
0.07212437725024957
0.07212437725024957
0.07212437725024957
0.07212437725024957
0.07212437725024957
0.07212437725024957
0.07212437725024957
0.07212437725024957
0.07212437725024957
0.07212437725024957
0.07212437725024957
0.07212437725024957
0.07212437725024957
0.07212437725024957
0.07212437725024957
0.07212437725024957
0.07212437725024957
0.07212437725024957
0.07212437725024957
0.07212437725024957
0.07212437725024957
0.07212437725024957
0.07212437725024957
0.07212437725024957
0.07212437725024957
0.07212437725024957
0.07212437725024957
0.07212437725024957
0.07212437725024957
0.07212437725024957
0.07212437725024957
0.07212437725024957
0.07212437725024957
0.07212437725024957
0.07212437725024957
0.07212437725024957
0.07212437725024957
0.07212437725024957
0.07212437725024957
0.07212437725024957
0.07212437725024957
0.07212437725024957
0.07212437725024957
0.07212437725024957
0.07212437725024957
0.07212437725024957
0.07212437725024957
0.07212437725024957
0.07212437725024957
0.07212437725024957
0.07212437725024957
0.07212437725024957
0.07212437725024957
0.07212437725024957
0.07212437725024957
0.07212437725024957
0.07212437725024957
0.07212437725024957
0.07212437725024957
0.07212437725024957
0.07212437725024957
0.07212437725024957
0.07212437725024957
0.07212437725024957
0.07212437725024957
0.07212437725024957
0.07212437725024957
0.07212437725024957
0.07212437725024957
0.07212437725024957
0.07212437725024957
0.07212437725024957
0.07212437725024957
0.07212437725024957
0.07212437725024957
0.07212437725024957
0.07212437725024957
0.07212437725024957
0.07212437725024957
0.07212437725024957
0.07212437725024957
0.07212437725024957
0.07212437725024957
0.07212437725024957
0.07212437725024957
0.07212437725024957
0.07212437725024957
0.07212437725024957
0.07212437725024957
0.07212437725024957
0.07212437725024957
0.07212437725024957
0.07212437725024957
0.07212437725024957
0.07212437725024957
0.07212437725024957
0.07212437725024957
0.07212437725024957
0.07212437725024957
0.07212437725024957
0.07212437725024957
0.07212437725024957
0.07212437725024957
0.07212437725024957
0.07212437725024957
0.07212437725024957
0.07212437725024957
0.07212437725024957
0.07212437725024957
0.07212437725024957
0.07212437725024957
0.07212437725024957
0.07212437725024957
0.07212437725024957
0.07212437725024957
0.07212437725024957
0.07212437725024957
0.07212437725024957
0.07212437725024957
0.07212437725024957
0.07212437725024957
0.07212437725024957
0.07212437725024957
0.07212437725024957
0.07212437725024957
0.07212437725024957
0.07212437725024957
0.07212437725024957
0.07212437725024957
0.07212437725024957
0.07212437725024957
0.07212437725024957
0.07212437725024957
0.07212437725024957
0.07212437725024957
0.07212437725024957
0.07212437725024957
0.07212437725024957
0.07212437725024957
0.07212437725024957
0.07212437725024957
0.07212437725024957
0.07212437725024957
0.07212437725024957
0.07212437725024957
0.07212437725024957
0.07212437725024957
0.07212437725024957
0.07212437725024957
0.07212437725024957
0.07212437725024957
0.07212437725024957
0.07212437725024957
0.07212437725024957
0.07212437725024957
0.07212437725024957
0.07212437725024957
0.07212437725024957
0.07212437725024957
0.07212437725024957
0.07212437725024957
0.07212437725024957
0.07212437725024957
0.07212437725024957
0.07212437725024957
0.07212437725024957
0.07212437725024957
0.07212437725024957
0.07212437725024957
0.07212437725024957
0.07212437725024957
0.07212437725024957
0.07212437725024957
0.07212437725024957
0.07212437725024957
0.07212437725024957
0.07212437725024957
0.07212437725024957
0.07212437725024957
0.07212437725024957
0.07212437725024957
0.07212437725024957
0.07212437725024957
0.07212437725024957
0.07212437725024957
0.07212437725024957
0.07212437725024957
0.07212437725024957
0.07212437725024957
0.07212437725024957
0.07212437725024957
0.07212437725024957
0.07212437725024957
0.07212437725024957
0.07212437725024957
0.07212437725024957
0.07212437725024957
0.07212437725024957
0.07212437725024957
0.07212437725024957
0.07212437725024957
0.07212437725024957
0.07212437725024957
0.07212437725024957
0.07212437725024957
0.07212437725024957
0.07212437725024957
0.07212437725024957
0.07212437725024957
0.07212437725024957
0.07212437725024957
0.07212437725024957
0.07212437725024957
0.07212437725024957
0.07212437725024957
0.07212437725024957
0.07212437725024957
0.07212437725024957
0.07212437725024957
0.07212437725024957
0.07212437725024957
0.07212437725024957
0.07212437725024957
0.07212437725024957
0.07212437725024957
0.07212437725024957
0.07212437725024957
0.07212437725024957
0.07212437725024957
0.07212437725024957
0.07212437725024957
0.07212437725024957
0.07212437725024957
0.07212437725024957
0.07212437725024957
0.07212437725024957
0.07212437725024957
0.07212437725024957
0.07212437725024957
0.07212437725024957
0.07212437725024957
0.07212437725024957
0.07212437725024957
0.07212437725024957
0.07212437725024957
0.07212437725024957
0.07212437725024957
0.07212437725024957
0.07212437725024957
0.07212437725024957
0.07212437725024957
0.07212437725024957
0.07212437725024957
0.07212437725024957
0.07212437725024957
0.07212437725024957
0.07212437725024957
0.07212437725024957
0.07212437725024957
0.07212437725024957
0.07212437725024957
0.07212437725024957
0.07212437725024957
0.07212437725024957
0.07212437725024957
0.07212437725024957
0.07212437725024957
0.07212437725024957
0.07212437725024957
0.07212437725024957
0.07212437725024957
0.07212437725024957
0.07212437725024957
0.07212437725024957
0.07212437725024957
0.07212437725024957
0.07212437725024957
0.07212437725024957
0.07212437725024957
0.07212437725024957
0.07212437725024957
0.07212437725024957
0.07212437725024957
0.07212437725024957
0.07212437725024957
0.07212437725024957
0.07212437725024957
0.07212437725024957
0.07212437725024957
0.07212437725024957
0.07212437725024957
0.07212437725024957
0.07212437725024957
0.07212437725024957
0.07212437725024957
0.07212437725024957
0.07212437725024957
0.07212437725024957
0.07212437725024957
0.07212437725024957
0.07212437725024957
0.07212437725024957
0.07212437725024957
0.07212437725024957
0.07212437725024957
0.07212437725024957
0.07212437725024957
0.07212437725024957
0.07212437725024957
0.07212437725024957
0.07212437725024957
0.07212437725024957
0.07212437725024957
0.07212437725024957
0.07212437725024957
0.07212437725024957
0.07212437725024957
0.07212437725024957
0.07212437725024957
0.07212437725024957
0.07212437725024957
0.07212437725024957
0.07212437725024957
0.07212437725024957
0.07212437725024957
0.07212437725024957
0.07212437725024957
0.07212437725024957
0.07212437725024957
0.07212437725024957
0.07212437725024957
0.07212437725024957
0.07212437725024957
0.07212437725024957
0.07212437725024957
0.07212437725024957
0.07212437725024957
0.07212437725024957
0.07212437725024957
0.07212437725024957
0.07212437725024957
0.07212437725024957
0.07212437725024957
0.07212437725024957
0.07212437725024957
0.07212437725024957
0.07212437725024957
0.07212437725024957
0.07212437725024957
0.07212437725024957
0.07212437725024957
0.07212437725024957
0.07212437725024957
0.07212437725024957
0.07212437725024957
0.07212437725024957
0.07212437725024957
0.07212437725024957
0.07212437725024957
0.07212437725024957
0.0709491021011859
0.0709491021011859
0.0709491021011859
0.0709491021011859
0.0709491021011859
0.0709491021011859
0.0709491021011859
0.0709491021011859
0.0709491021011859
0.0709491021011859
0.0709491021011859
0.0709491021011859
0.0709491021011859
0.0709491021011859
0.0709491021011859
0.0709491021011859
0.0709491021011859
0.0709491021011859
0.0709491021011859
0.0709491021011859
0.0709491021011859
0.0709491021011859
0.0709491021011859
0.0709491021011859
0.0709491021011859
0.0709491021011859
0.0709491021011859
0.0709491021011859
0.0709491021011859
0.0709491021011859
0.0709491021011859
0.0709491021011859
0.0709491021011859
0.0709491021011859
0.0709491021011859
0.0709491021011859
0.0709491021011859
0.0709491021011859
0.0709491021011859
0.0709491021011859
0.0709491021011859
0.0709491021011859
0.0709491021011859
0.0709491021011859
0.0709491021011859
0.0709491021011859
0.0709491021011859
0.0709491021011859
0.0709491021011859
0.0709491021011859
0.0709491021011859
0.0709491021011859
0.0709491021011859
0.0709491021011859
0.0709491021011859
0.0709491021011859
0.0709491021011859
0.0709491021011859
0.0709491021011859
0.0709491021011859
0.0709491021011859
0.0709491021011859
0.0709491021011859
0.0709491021011859
0.0709491021011859
0.0709491021011859
0.0709491021011859
0.0709491021011859
0.0709491021011859
0.0709491021011859
0.0709491021011859
0.0709491021011859
0.0709491021011859
0.0709491021011859
0.0709491021011859
0.0709491021011859
0.0709491021011859
0.0709491021011859
0.0709491021011859
0.0709491021011859
0.0709491021011859
0.0709491021011859
0.0709491021011859
0.0709491021011859
0.0709491021011859
0.0709491021011859
0.0709491021011859
0.0709491021011859
0.0709491021011859
0.0709491021011859
0.0709491021011859
0.0709491021011859
0.0709491021011859
0.0709491021011859
0.0709491021011859
0.0709491021011859
0.0709491021011859
0.0709491021011859
0.0709491021011859
0.0709491021011859
0.0709491021011859
0.0709491021011859
0.0709491021011859
0.0709491021011859
0.0709491021011859
0.0709491021011859
0.0709491021011859
0.0709491021011859
0.0709491021011859
0.0709491021011859
0.0709491021011859
0.0709491021011859
0.0709491021011859
0.0709491021011859
0.0709491021011859
0.0709491021011859
0.0709491021011859
0.0709491021011859
0.0709491021011859
0.0709491021011859
0.0709491021011859
0.0709491021011859
0.0709491021011859
0.0709491021011859
0.0709491021011859
0.0709491021011859
0.0709491021011859
0.0709491021011859
0.0709491021011859
0.0709491021011859
0.0709491021011859
0.0709491021011859
0.0709491021011859
0.0709491021011859
0.0709491021011859
0.0709491021011859
0.0709491021011859
0.0709491021011859
0.0709491021011859
0.0709491021011859
0.0709491021011859
0.0709491021011859
0.0709491021011859
0.0709491021011859
0.0709491021011859
0.0709491021011859
0.0709491021011859
0.0709491021011859
0.0709491021011859
0.0709491021011859
0.0709491021011859
0.0709491021011859
0.0709491021011859
0.0709491021011859
0.0709491021011859
0.0709491021011859
0.0709491021011859
0.0709491021011859
0.0709491021011859
0.0709491021011859
0.0709491021011859
0.0709491021011859
0.0709491021011859
0.0709491021011859
0.0709491021011859
0.0709491021011859
0.0709491021011859
0.0709491021011859
0.0709491021011859
0.0709491021011859
0.0709491021011859
0.0709491021011859
0.0709491021011859
0.0709491021011859
0.0709491021011859
0.0709491021011859
0.0709491021011859
0.0709491021011859
0.0709491021011859
0.0709491021011859
0.0709491021011859
0.0709491021011859
0.0709491021011859
0.0709491021011859
0.0709491021011859
0.0709491021011859
0.0709491021011859
0.0709491021011859
0.0709491021011859
0.0709491021011859
0.0709491021011859
0.0709491021011859
0.0709491021011859
0.0709491021011859
0.0709491021011859
0.0709491021011859
0.0709491021011859
0.0709491021011859
0.0709491021011859
0.0709491021011859
0.0709491021011859
0.0709491021011859
0.0709491021011859
0.0709491021011859
0.0709491021011859
0.0709491021011859
0.0709491021011859
0.0709491021011859
0.0709491021011859
0.0709491021011859
0.0709491021011859
0.0709491021011859
0.0709491021011859
0.0709491021011859
0.0709491021011859
0.0709491021011859
0.0709491021011859
0.0709491021011859
0.0709491021011859
0.0709491021011859
0.0709491021011859
0.0709491021011859
0.0709491021011859
0.0709491021011859
0.0709491021011859
0.0709491021011859
0.0709491021011859
0.0709491021011859
0.0709491021011859
0.0709491021011859
0.0709491021011859
0.0709491021011859
0.0709491021011859
0.0709491021011859
0.0709491021011859
0.0709491021011859
0.0709491021011859
0.0709491021011859
0.0709491021011859
0.0709491021011859
0.0709491021011859
0.0709491021011859
0.0709491021011859
0.0709491021011859
0.0709491021011859
0.0709491021011859
0.0709491021011859
0.0709491021011859
0.0709491021011859
0.0709491021011859
0.0709491021011859
0.0709491021011859
0.0709491021011859
0.0709491021011859
0.0709491021011859
0.0709491021011859
0.0709491021011859
0.0709491021011859
0.0709491021011859
0.0709491021011859
0.0709491021011859
0.0709491021011859
0.0709491021011859
0.0709491021011859
0.0709491021011859
0.0709491021011859
0.0709491021011859
0.0709491021011859
0.0709491021011859
0.0709491021011859
0.0709491021011859
0.0709491021011859
0.0709491021011859
0.0709491021011859
0.0709491021011859
0.0709491021011859
0.0709491021011859
0.0709491021011859
0.0709491021011859
0.0709491021011859
0.0709491021011859
0.0709491021011859
0.0709491021011859
0.0709491021011859
0.0709491021011859
0.0709491021011859
0.0709491021011859
0.0709491021011859
0.0709491021011859
0.0709491021011859
0.0709491021011859
0.0709491021011859
0.0709491021011859
0.0709491021011859
0.0709491021011859
0.0709491021011859
0.0709491021011859
0.0709491021011859
0.0709491021011859
0.0709491021011859
0.0709491021011859
0.0709491021011859
0.0709491021011859
0.0709491021011859
0.0709491021011859
0.0709491021011859
0.0709491021011859
0.0709491021011859
0.0709491021011859
0.0709491021011859
0.0709491021011859
0.0709491021011859
0.0709491021011859
0.0709491021011859
0.0709491021011859
0.0709491021011859
0.0709491021011859
0.0709491021011859
0.0709491021011859
0.0709491021011859
0.0709491021011859
0.0709491021011859
0.0709491021011859
0.0709491021011859
0.0709491021011859
0.0709491021011859
0.0709491021011859
0.0709491021011859
0.0709491021011859
0.0709491021011859
0.0709491021011859
0.0709491021011859
0.0709491021011859
0.0709491021011859
0.0709491021011859
0.0709491021011859
0.0709491021011859
0.0709491021011859
0.0709491021011859
0.0709491021011859
0.0709491021011859
0.0709491021011859
0.0709491021011859
0.0709491021011859
0.0709491021011859
0.0709491021011859
0.0709491021011859
0.0709491021011859
0.0709491021011859
0.0709491021011859
0.0709491021011859
0.0709491021011859
0.0709491021011859
0.0709491021011859
0.0709491021011859
0.0709491021011859
0.0709491021011859
0.0709491021011859
0.0709491021011859
0.0709491021011859
0.0709491021011859
0.0709491021011859
0.0709491021011859
0.0709491021011859
0.0709491021011859
0.0709491021011859
0.0709491021011859
0.0709491021011859
0.0709491021011859
0.0709491021011859
0.0709491021011859
0.0709491021011859
0.0709491021011859
0.0709491021011859
0.0709491021011859
0.0709491021011859
0.0709491021011859
0.0709491021011859
0.0709491021011859
0.0709491021011859
0.0709491021011859
0.0709491021011859
0.0709491021011859
0.0709491021011859
0.0709491021011859
0.0709491021011859
0.0709491021011859
0.0709491021011859
0.0709491021011859
0.0709491021011859
0.0709491021011859
0.0709491021011859
0.0709491021011859
0.0709491021011859
0.0709491021011859
0.0709491021011859
0.0709491021011859
0.0709491021011859
0.0709491021011859
0.0709491021011859
0.0709491021011859
0.0709491021011859
0.0709491021011859
0.0709491021011859
0.0709491021011859
0.0709491021011859
0.0709491021011859
0.0709491021011859
0.0709491021011859
0.0709491021011859
0.0709491021011859
0.0709491021011859
0.0709491021011859
0.0709491021011859
0.0709491021011859
0.0709491021011859
0.0709491021011859
0.0709491021011859
0.0709491021011859
0.0709491021011859
0.0709491021011859
0.0709491021011859
0.0709491021011859
0.0709491021011859
0.0709491021011859
0.0709491021011859
0.0709491021011859
0.0709491021011859
0.0709491021011859
0.0709491021011859
0.0709491021011859
0.0709491021011859
0.0709491021011859
0.0709491021011859
0.0709491021011859
0.0709491021011859
0.0709491021011859
0.0709491021011859
0.0709491021011859
0.0709491021011859
0.0709491021011859
0.0709491021011859
0.0709491021011859
0.0709491021011859
0.0709491021011859
0.0709491021011859
0.0709491021011859
0.0709491021011859
0.0709491021011859
0.0709491021011859
0.0709491021011859
0.0709491021011859
0.0709491021011859
0.0709491021011859
0.0709491021011859
0.0709491021011859
0.0709491021011859
0.0709491021011859
0.0709491021011859
0.0709491021011859
0.0709491021011859
0.0709491021011859
0.0709491021011859
0.0709491021011859
0.0709491021011859
0.0709491021011859
0.0709491021011859
0.0709491021011859
0.0709491021011859
0.0709491021011859
0.0709491021011859
0.0709491021011859
0.0709491021011859
0.0709491021011859
0.0709491021011859
0.0709491021011859
0.0709491021011859
0.0709491021011859
0.0709491021011859
0.0709491021011859
0.0709491021011859
0.0709491021011859
0.0709491021011859
0.0709491021011859
0.0709491021011859
0.0709491021011859
0.0709491021011859
0.0709491021011859
0.0709491021011859
0.0709491021011859
0.0709491021011859
0.0709491021011859
0.0709491021011859
0.0709491021011859
0.0709491021011859
0.0709491021011859
0.0709491021011859
0.0709491021011859
0.0709491021011859
0.0709491021011859
0.0709491021011859
0.0709491021011859
0.0709491021011859
0.0709491021011859
0.0709491021011859
0.0709491021011859
0.0709491021011859
0.0709491021011859
0.0709491021011859
0.0709491021011859
0.0709491021011859
0.0709491021011859
0.0709491021011859
0.0709491021011859
0.0709491021011859
0.0709491021011859
0.0709491021011859
0.0709491021011859
0.0709491021011859
0.0709491021011859
0.0709491021011859
0.0709491021011859
0.0709491021011859
0.0709491021011859
0.0709491021011859
0.0709491021011859
0.0709491021011859
0.0709491021011859
0.0709491021011859
0.0709491021011859
0.0709491021011859
0.0709491021011859
0.0709491021011859
0.0709491021011859
0.0709491021011859
0.0709491021011859
0.0709491021011859
0.0709491021011859
0.0709491021011859
0.0709491021011859
0.0709491021011859
0.0709491021011859
0.0709491021011859
0.0709491021011859
0.0709491021011859
0.0709491021011859
0.0709491021011859
0.0709491021011859
0.0709491021011859
0.0709491021011859
0.0709491021011859
0.0709491021011859
0.0709491021011859
0.0709491021011859
0.0709491021011859
0.0709491021011859
0.0709491021011859
0.0709491021011859
0.0709491021011859
0.0709491021011859
0.0709491021011859
0.0709491021011859
0.0709491021011859
0.0709491021011859
0.0709491021011859
0.0709491021011859
0.0709491021011859
0.0709491021011859
0.0709491021011859
0.0709491021011859
0.0709491021011859
0.0709491021011859
0.0709491021011859
0.0709491021011859
0.0709491021011859
0.0709491021011859
0.0709491021011859
0.0709491021011859
0.0709491021011859
0.0709491021011859
0.0709491021011859
0.0709491021011859
0.0709491021011859
0.0709491021011859
0.0709491021011859
0.0709491021011859
0.0709491021011859
0.0709491021011859
0.0709491021011859
0.0709491021011859
0.0709491021011859
0.0709491021011859
0.0709491021011859
0.0709491021011859
0.0709491021011859
0.0709491021011859
0.0709491021011859
0.0709491021011859
0.0709491021011859
0.0709491021011859
0.0709491021011859
0.0709491021011859
0.0709491021011859
0.0709491021011859
0.0709491021011859
0.0709491021011859
0.0709491021011859
0.0709491021011859
0.0709491021011859
0.0709491021011859
0.0709491021011859
0.0709491021011859
0.0709491021011859
0.0709491021011859
0.0709491021011859
0.0709491021011859
0.0709491021011859
0.0709491021011859
0.0709491021011859
0.0709491021011859
0.0709491021011859
0.0709491021011859
0.0709491021011859
0.0709491021011859
0.0709491021011859
0.0709491021011859
0.0709491021011859
0.0709491021011859
0.0709491021011859
0.0709491021011859
0.0709491021011859
0.0709491021011859
0.0709491021011859
0.0709491021011859
0.0709491021011859
0.0709491021011859
0.0709491021011859
0.0709491021011859
0.0709491021011859
0.0709491021011859
0.0709491021011859
0.0709491021011859
0.0709491021011859
0.0709491021011859
0.0709491021011859
0.0709491021011859
0.0709491021011859
0.0709491021011859
0.0709491021011859
0.0709491021011859
0.0709491021011859
0.0709491021011859
0.0709491021011859
0.0709491021011859
0.0709491021011859
0.0709491021011859
0.0709491021011859
0.0709491021011859
0.0709491021011859
0.0709491021011859
0.0709491021011859
0.0709491021011859
0.0709491021011859
0.0709491021011859
0.0709491021011859
0.0709491021011859
0.0709491021011859
0.0709491021011859
0.0709491021011859
0.0709491021011859
0.0709491021011859
0.0709491021011859
0.0709491021011859
0.0709491021011859
0.0709491021011859
0.0709491021011859
0.0709491021011859
0.0709491021011859
0.0709491021011859
0.0709491021011859
0.0709491021011859
0.0709491021011859
0.0709491021011859
0.0709491021011859
0.0709491021011859
0.0709491021011859
0.0709491021011859
0.0709491021011859
0.0709491021011859
0.0709491021011859
0.0709491021011859
0.0709491021011859
0.0709491021011859
0.0709491021011859
0.0709491021011859
0.0709491021011859
0.0709491021011859
0.0709491021011859
0.0709491021011859
0.0709491021011859
0.0709491021011859
0.0709491021011859
0.0709491021011859
0.0709491021011859
0.0709491021011859
0.0709491021011859
0.0709491021011859
0.0709491021011859
0.0709491021011859
0.0709491021011859
0.0709491021011859
0.0709491021011859
0.0709491021011859
0.0709491021011859
0.0709491021011859
0.0709491021011859
0.0709491021011859
0.0709491021011859
0.0709491021011859
0.0709491021011859
0.0709491021011859
0.0709491021011859
0.0709491021011859
0.0709491021011859
0.0709491021011859
0.0709491021011859
0.0709491021011859
0.0709491021011859
0.0709491021011859
0.0709491021011859
0.0709491021011859
0.0709491021011859
0.0709491021011859
0.0709491021011859
0.0709491021011859
0.0709491021011859
0.0709491021011859
0.0709491021011859
0.0709491021011859
0.0709491021011859
0.0709491021011859
0.0709491021011859
0.0709491021011859
0.0709491021011859
0.0709491021011859
0.0709491021011859
0.0709491021011859
0.0709491021011859
0.0709491021011859
0.0709491021011859
0.0709491021011859
0.0709491021011859
0.0709491021011859
0.0709491021011859
0.0709491021011859
0.0709491021011859
0.0709491021011859
0.0709491021011859
0.0709491021011859
0.0709491021011859
0.0709491021011859
0.0709491021011859
0.0709491021011859
0.0709491021011859
0.0709491021011859
0.0709491021011859
0.0709491021011859
0.0709491021011859
0.0709491021011859
0.0709491021011859
0.0709491021011859
0.0709491021011859
0.0709491021011859
0.0709491021011859
0.0709491021011859
0.0709491021011859
0.0709491021011859
0.0709491021011859
0.0709491021011859
0.0709491021011859
0.0709491021011859
0.0709491021011859
0.0709491021011859
0.0709491021011859
0.0709491021011859
0.0709491021011859
0.0709491021011859
0.0709491021011859
0.0709491021011859
0.0709491021011859
0.0709491021011859
0.0709491021011859
0.0709491021011859
0.0709491021011859
0.0709491021011859
0.0709491021011859
0.0709491021011859
0.0709491021011859
0.0709491021011859
0.0709491021011859
0.0709491021011859
0.0709491021011859
0.0709491021011859
0.0709491021011859
0.0709491021011859
0.0709491021011859
0.0709491021011859
0.0709491021011859
0.0709491021011859
0.0709491021011859
0.0709491021011859
0.0709491021011859
0.0709491021011859
0.0709491021011859
0.0709491021011859
0.0709491021011859
0.0709491021011859
0.0709491021011859
0.0709491021011859
0.0709491021011859
0.0709491021011859
0.0709491021011859
0.0709491021011859
0.0709491021011859
0.0709491021011859
0.0709491021011859
0.0709491021011859
0.0709491021011859
0.0709491021011859
0.0709491021011859
0.0709491021011859
0.0709491021011859
0.0709491021011859
0.0709491021011859
0.0709491021011859
0.0709491021011859
0.0709491021011859
0.0709491021011859
0.0709491021011859
0.0709491021011859
0.0709491021011859
0.0709491021011859
0.0709491021011859
0.0709491021011859
0.0709491021011859
0.0709491021011859
0.0709491021011859
0.0709491021011859
0.0709491021011859
0.0709491021011859
0.0709491021011859
0.0709491021011859
0.0709491021011859
0.0709491021011859
0.0709491021011859
0.0709491021011859
0.0709491021011859
0.0709491021011859
0.0709491021011859
0.0709491021011859
0.0709491021011859
0.0709491021011859
0.0709491021011859
0.0709491021011859
0.0709491021011859
0.0709491021011859
0.0709491021011859
0.0709491021011859
0.0709491021011859
0.0709491021011859
0.0709491021011859
0.0709491021011859
0.0709491021011859
0.0709491021011859
0.0709491021011859
0.0709491021011859
0.0709491021011859
0.0709491021011859
0.0709491021011859
0.0709491021011859
0.0709491021011859
0.0709491021011859
0.0709491021011859
0.0709491021011859
0.0709491021011859
0.0709491021011859
0.0709491021011859
0.0709491021011859
0.0709491021011859
0.0709491021011859
0.0709491021011859
0.0709491021011859
0.0709491021011859
0.0709491021011859
0.0709491021011859
0.0709491021011859
0.0709491021011859
0.0709491021011859
0.0709491021011859
0.0709491021011859
0.0709491021011859
0.0709491021011859
0.0709491021011859
0.0709491021011859
0.0709491021011859
0.0709491021011859
0.0709491021011859
0.0709491021011859
0.0709491021011859
0.0709491021011859
0.0709491021011859
0.0709491021011859
0.0709491021011859
0.0709491021011859
0.0709491021011859
0.0709491021011859
0.0709491021011859
0.0709491021011859
0.0709491021011859
0.0709491021011859
0.0709491021011859
0.0709491021011859
0.0709491021011859
0.0709491021011859
0.0709491021011859
0.0709491021011859
0.0709491021011859
0.0709491021011859
0.0709491021011859
0.0709491021011859
0.0709491021011859
0.0709491021011859
0.0709491021011859
0.0709491021011859
0.0709491021011859
0.0709491021011859
0.0709491021011859
0.0709491021011859
0.0709491021011859
0.0709491021011859
0.0709491021011859
0.0709491021011859
0.0709491021011859
0.0709491021011859
0.0709491021011859
0.0709491021011859
0.0709491021011859
0.0709491021011859
0.0709491021011859
0.0709491021011859
0.0709491021011859
0.0709491021011859
0.0709491021011859
0.0709491021011859
0.0709491021011859
0.0709491021011859
0.0709491021011859
0.0709491021011859
0.0709491021011859
0.0709491021011859
0.0709491021011859
0.0709491021011859
0.0709491021011859
0.0709491021011859
0.0709491021011859
0.0709491021011859
0.0709491021011859
0.0709491021011859
0.0709491021011859
0.0709491021011859
0.0709491021011859
0.0709491021011859
0.0709491021011859
0.0709491021011859
0.0709491021011859
0.0709491021011859
0.0709491021011859
0.0709491021011859
0.0709491021011859
0.0709491021011859
0.0709491021011859
0.0709491021011859
0.0709491021011859
0.0709491021011859
0.0709491021011859
0.0709491021011859
0.0709491021011859
0.0709491021011859
0.0709491021011859
0.0709491021011859
0.0709491021011859
0.0709491021011859
0.0709491021011859
0.0709491021011859
0.0709491021011859
0.0709491021011859
0.0709491021011859
0.0709491021011859
0.0709491021011859
0.0709491021011859
0.0709491021011859
0.0709491021011859
0.0709491021011859
0.0709491021011859
0.0709491021011859
0.0709491021011859
0.0709491021011859
0.0709491021011859
0.0709491021011859
0.0709491021011859
0.0709491021011859
0.0709491021011859
0.0709491021011859
0.0709491021011859
0.0709491021011859
0.0709491021011859
0.0709491021011859
0.0709491021011859
0.0709491021011859
0.0709491021011859
0.0709491021011859
0.0709491021011859
0.0709491021011859
0.0709491021011859
0.0709491021011859
0.0709491021011859
0.0709491021011859
0.0709491021011859
0.0709491021011859
0.0709491021011859
0.0709491021011859
0.0709491021011859
0.0709491021011859
0.0709491021011859
0.0709491021011859
0.0709491021011859
0.0709491021011859
0.0709491021011859
0.0709491021011859
0.0709491021011859
0.0709491021011859
0.0709491021011859
0.0709491021011859
0.0709491021011859
0.0709491021011859
0.0709491021011859
0.0709491021011859
0.0709491021011859
0.0709491021011859
0.0709491021011859
0.0709491021011859
0.0709491021011859
0.0709491021011859
0.0709491021011859
0.0709491021011859
0.0709491021011859
0.0709491021011859
0.0709491021011859
0.0709491021011859
0.0709491021011859
0.0709491021011859
0.0709491021011859
0.0709491021011859
0.0709491021011859
0.0709491021011859
0.0709491021011859
0.0709491021011859
0.0709491021011859
0.0709491021011859
0.0709491021011859
0.0709491021011859
0.0709491021011859
0.0709491021011859
0.0709491021011859
0.0709491021011859
0.0709491021011859
0.0709491021011859
0.0709491021011859
0.0709491021011859
0.0709491021011859
0.0709491021011859
0.0709491021011859
0.0709491021011859
0.0709491021011859
0.0709491021011859
0.0709491021011859
0.0709491021011859
0.0709491021011859
0.0709491021011859
0.0709491021011859
0.0709491021011859
0.0709491021011859
0.0709491021011859
0.0709491021011859
0.0709491021011859
0.0709491021011859
0.0709491021011859
0.0709491021011859
0.0709491021011859
0.0709491021011859
0.0709491021011859
0.0709491021011859
0.0709491021011859
0.0709491021011859
0.0709491021011859
0.0709491021011859
0.0709491021011859
0.0709491021011859
0.0709491021011859
0.0709491021011859
0.0709491021011859
0.0709491021011859
0.0709491021011859
0.0709491021011859
0.0709491021011859
0.0709491021011859
0.0709491021011859
0.0709491021011859
0.0709491021011859
0.0709491021011859
0.0709491021011859
0.0709491021011859
0.0709491021011859
0.0709491021011859
0.0709491021011859
0.0709491021011859
0.0709491021011859
0.0709491021011859
0.0709491021011859
0.0709491021011859
0.0709491021011859
0.0709491021011859
0.0709491021011859
0.0709491021011859
0.0709491021011859
0.0709491021011859
0.0709491021011859
0.0709491021011859
0.0709491021011859
0.0709491021011859
0.0709491021011859
0.0709491021011859
0.0709491021011859
0.0709491021011859
0.0709491021011859
0.0709491021011859
0.0709491021011859
0.0709491021011859
0.0709491021011859
0.0709491021011859
0.0709491021011859
0.0709491021011859
0.0709491021011859
0.0709491021011859
0.0709491021011859
0.0709491021011859
0.0709491021011859
0.0709491021011859
0.0709491021011859
0.0709491021011859
0.0709491021011859
0.0709491021011859
0.0709491021011859
0.0709491021011859
0.0709491021011859
0.0709491021011859
0.0709491021011859
0.0709491021011859
0.0709491021011859
0.0709491021011859
0.0709491021011859
0.0709491021011859
0.0709491021011859
0.0709491021011859
0.0709491021011859
0.0709491021011859
0.0709491021011859
0.0709491021011859
0.0709491021011859
0.0709491021011859
0.0709491021011859
0.0709491021011859
0.0709491021011859
0.0709491021011859
0.0709491021011859
0.0709491021011859
0.0709491021011859
0.0709491021011859
0.0709491021011859
0.0709491021011859
0.0709491021011859
0.0709491021011859
0.0709491021011859
0.0709491021011859
0.0709491021011859
0.0709491021011859
0.0709491021011859
0.0709491021011859
0.0709491021011859
0.0709491021011859
0.0709491021011859
0.0709491021011859
0.0709491021011859
0.0709491021011859
0.0709491021011859
0.0709491021011859
0.0709491021011859
0.0709491021011859
0.0709491021011859
0.0709491021011859
0.0709491021011859
0.0709491021011859
0.0709491021011859
0.0709491021011859
0.0709491021011859
0.0709491021011859
0.0709491021011859
0.0709491021011859
0.0709491021011859
0.0709491021011859
0.0709491021011859
0.0709491021011859
0.0709491021011859
0.0709491021011859
0.0709491021011859
0.0709491021011859
0.0709491021011859
0.0709491021011859
0.0709491021011859
0.0709491021011859
0.0709491021011859
0.0709491021011859
0.0709491021011859
0.0709491021011859
0.0709491021011859
0.0709491021011859
0.0709491021011859
0.0709491021011859
0.0709491021011859
0.0709491021011859
0.0709491021011859
0.0709491021011859
0.0709491021011859
0.0709491021011859
0.0709491021011859
0.0709491021011859
0.0709491021011859
0.0709491021011859
0.0709491021011859
0.0709491021011859
0.0709491021011859
0.0709491021011859
0.0709491021011859
0.0709491021011859
0.0709491021011859
0.0709491021011859
0.0709491021011859
0.0709491021011859
0.0709491021011859
0.0709491021011859
0.0709491021011859
0.0709491021011859
0.0709491021011859
0.0709491021011859
0.0709491021011859
0.0709491021011859
0.0709491021011859
0.0709491021011859
0.0709491021011859
0.0709491021011859
0.0709491021011859
0.0709491021011859
0.0709491021011859
0.0709491021011859
0.0709491021011859
0.0709491021011859
0.0709491021011859
0.0709491021011859
0.0709491021011859
0.0709491021011859
0.0709491021011859
0.0709491021011859
0.0709491021011859
0.0709491021011859
0.0709491021011859
0.0709491021011859
0.0709491021011859
0.0709491021011859
0.0709491021011859
0.0709491021011859
0.0709491021011859
0.0709491021011859
0.0709491021011859
0.0709491021011859
0.0709491021011859
0.0709491021011859
0.0709491021011859
0.0709491021011859
0.0709491021011859
0.0709491021011859
0.0709491021011859
0.0709491021011859
0.0709491021011859
0.0709491021011859
0.0709491021011859
0.0709491021011859
0.0709491021011859
0.0709491021011859
0.0709491021011859
0.0709491021011859
0.0709491021011859
0.0709491021011859
0.0709491021011859
0.0709491021011859
0.0709491021011859
0.0709491021011859
0.0709491021011859
0.0709491021011859
0.0709491021011859
0.0709491021011859
0.0709491021011859
0.0709491021011859
0.0709491021011859
0.0709491021011859
0.0709491021011859
0.0709491021011859
0.0709491021011859
0.0709491021011859
0.0709491021011859
0.0709491021011859
0.0709491021011859
0.0709491021011859
0.0709491021011859
0.0709491021011859
0.0709491021011859
0.0709491021011859
0.0709491021011859
0.0709491021011859
0.0709491021011859
0.0709491021011859
0.0709491021011859
0.0709491021011859
0.0709491021011859
0.0709491021011859
0.0709491021011859
0.0709491021011859
0.0709491021011859
0.0709491021011859
0.0709491021011859
0.0709491021011859
0.0709491021011859
0.0709491021011859
0.0709491021011859
0.0709491021011859
0.0709491021011859
0.0709491021011859
0.0709491021011859
0.0709491021011859
0.0709491021011859
0.0709491021011859
0.0709491021011859
0.0709491021011859
0.0709491021011859
0.0709491021011859
0.0709491021011859
0.0709491021011859
0.0709491021011859
0.0709491021011859
0.0709491021011859
0.0709491021011859
0.0709491021011859
0.0709491021011859
0.0709491021011859
0.0709491021011859
0.0709491021011859
0.0709491021011859
0.0709491021011859
0.0709491021011859
0.0709491021011859
0.0709491021011859
0.0709491021011859
0.0709491021011859
0.0709491021011859
0.0709491021011859
0.0709491021011859
0.0709491021011859
0.0709491021011859
0.0709491021011859
0.0709491021011859
0.0709491021011859
0.0709491021011859
0.0709491021011859
0.0709491021011859
0.0709491021011859
0.0709491021011859
0.0709491021011859
0.0709491021011859
0.0709491021011859
0.0709491021011859
0.0709491021011859
0.0709491021011859
0.0709491021011859
0.0709491021011859
0.0709491021011859
0.0709491021011859
0.0709491021011859
0.0709491021011859
0.0709491021011859
0.0709491021011859
0.0709491021011859
0.0709491021011859
0.0709491021011859
0.0709491021011859
0.0709491021011859
0.0709491021011859
0.0709491021011859
0.0709491021011859
0.0709491021011859
0.0709491021011859
0.0709491021011859
0.0709491021011859
0.0709491021011859
0.0709491021011859
0.0709491021011859
0.0709491021011859
0.0709491021011859
0.0709491021011859
0.0709491021011859
0.0709491021011859
0.0709491021011859
0.0709491021011859
0.0709491021011859
0.0709491021011859
0.0709491021011859
0.0709491021011859
0.0709491021011859
0.0709491021011859
0.0709491021011859
0.0709491021011859
0.0709491021011859
0.0709491021011859
0.0709491021011859
0.0709491021011859
0.0709491021011859
0.0709491021011859
0.0709491021011859
0.0709491021011859
0.0709491021011859
0.0709491021011859
0.0709491021011859
0.0709491021011859
0.0709491021011859
0.0709491021011859
0.0709491021011859
0.0709491021011859
0.0709491021011859
0.0709491021011859
0.0709491021011859
0.0709491021011859
0.0709491021011859
0.0709491021011859
0.0709491021011859
0.0709491021011859
0.0709491021011859
0.0709491021011859
0.0709491021011859
0.0709491021011859
0.0709491021011859
0.0709491021011859
0.0709491021011859
0.0709491021011859
0.0709491021011859
0.0709491021011859
0.0709491021011859
0.0709491021011859
0.0709491021011859
0.0709491021011859
0.0709491021011859
0.0709491021011859
0.0709491021011859
0.0709491021011859
0.0709491021011859
0.0709491021011859
0.0709491021011859
0.0709491021011859
0.0709491021011859
0.0709491021011859
0.0709491021011859
0.0709491021011859
0.0709491021011859
0.0709491021011859
0.0709491021011859
0.0709491021011859
0.0709491021011859
0.0709491021011859
0.0709491021011859
0.0709491021011859
0.0709491021011859
0.0709491021011859
0.0709491021011859
0.0709491021011859
0.0709491021011859
0.0709491021011859
0.0709491021011859
0.0709491021011859
0.0709491021011859
0.0709491021011859
0.0709491021011859
0.0709491021011859
0.0709491021011859
0.0709491021011859
0.0709491021011859
0.0709491021011859
0.0709491021011859
0.0709491021011859
0.0709491021011859
0.0709491021011859
0.0709491021011859
0.0709491021011859
0.0709491021011859
0.0709491021011859
0.0709491021011859
0.0709491021011859
0.0709491021011859
0.0709491021011859
0.0709491021011859
0.0709491021011859
0.0709491021011859
0.0709491021011859
0.0709491021011859
0.0709491021011859
0.0709491021011859
0.0709491021011859
0.0709491021011859
0.0709491021011859
0.0709491021011859
0.0709491021011859
0.0709491021011859
0.0709491021011859
0.0709491021011859
0.0709491021011859
0.0709491021011859
0.0709491021011859
0.0709491021011859
0.0709491021011859
0.0709491021011859
0.0709491021011859
0.0709491021011859
0.0709491021011859
0.0709491021011859
0.0709491021011859
0.0709491021011859
0.0709491021011859
0.0709491021011859
0.0709491021011859
0.0709491021011859
0.0709491021011859
0.0709491021011859
0.0709491021011859
0.0709491021011859
0.0709491021011859
0.0709491021011859
0.0709491021011859
0.0709491021011859
0.0709491021011859
0.0709491021011859
0.0709491021011859
0.0709491021011859
0.0709491021011859
0.0709491021011859
0.0709491021011859
0.0709491021011859
0.0709491021011859
0.0709491021011859
0.0709491021011859
0.0709491021011859
0.0709491021011859
0.0709491021011859
0.0709491021011859
0.0709491021011859
0.0709491021011859
0.0709491021011859
0.0709491021011859
0.0709491021011859
0.0709491021011859
0.0709491021011859
0.0709491021011859
0.0709491021011859
0.0709491021011859
0.0709491021011859
0.0709491021011859
0.0709491021011859
0.0709491021011859
0.0709491021011859
0.0709491021011859
0.0709491021011859
0.0709491021011859
0.0709491021011859
0.0709491021011859
0.0709491021011859
0.0709491021011859
0.0709491021011859
0.0709491021011859
0.0709491021011859
0.0709491021011859
0.0709491021011859
0.0709491021011859
0.0709491021011859
0.0709491021011859
0.0709491021011859
0.0709491021011859
0.0709491021011859
0.0709491021011859
0.0709491021011859
0.0709491021011859
0.0709491021011859
0.0709491021011859
0.0709491021011859
0.0709491021011859
0.0709491021011859
0.0709491021011859
0.0709491021011859
0.0709491021011859
0.0709491021011859
0.0709491021011859
0.0709491021011859
0.0709491021011859
0.0709491021011859
0.0709491021011859
0.0709491021011859
0.0709491021011859
0.0709491021011859
0.0709491021011859
0.0709491021011859
0.0709491021011859
0.0709491021011859
0.0709491021011859
0.0709491021011859
0.0709491021011859
0.0709491021011859
0.0709491021011859
0.0709491021011859
0.0709491021011859
0.0709491021011859
0.0709491021011859
0.0709491021011859
0.0709491021011859
0.0709491021011859
0.0709491021011859
0.0709491021011859
0.0709491021011859
0.0709491021011859
0.0709491021011859
0.0709491021011859
0.0709491021011859
0.0709491021011859
0.0709491021011859
0.0709491021011859
0.0709491021011859
0.0709491021011859
0.0709491021011859
0.0709491021011859
0.0709491021011859
0.0709491021011859
0.0709491021011859
0.0709491021011859
0.0709491021011859
0.0709491021011859
0.0709491021011859
0.0709491021011859
0.0709491021011859
0.0709491021011859
